  
 ------------------------
 2D Mesh Quality Measures
 ------------------------
  
Signed Area     Aspect Ratio    Condition       Edge Ratio      Jacobian        Minimum Angle   Maximum Angle   Area Sign       
      2.3831E-03      1.3752E+00      1.2398E+00      1.7666E+00      1.3838E-03      6.9944E+01      1.2446E+02      1.0000E+00
      3.3113E-03      1.0995E+00      1.0138E+00      1.1749E+00      2.9016E-03      8.3503E+01      9.7836E+01      1.0000E+00
      3.7946E-03      1.0710E+00      1.0066E+00      1.1111E+00      3.5650E-03      8.7157E+01      9.4260E+01      1.0000E+00
      3.6815E-03      1.2036E+00      1.1590E+00      1.2722E+00      2.7225E-03      7.1649E+01      1.2036E+02      1.0000E+00
      4.9584E-03      1.2833E+00      1.0892E+00      1.4127E+00      3.9564E-03      7.0173E+01      1.0609E+02      1.0000E+00
      4.3423E-03      1.1085E+00      1.0134E+00      1.1682E+00      4.1084E-03      8.5894E+01      9.3727E+01      1.0000E+00
      6.0856E-03      1.1481E+00      1.0516E+00      1.3548E+00      5.4305E-03      8.0040E+01      9.5681E+01      1.0000E+00
      4.8032E-03      1.1018E+00      1.0172E+00      1.2020E+00      4.6114E-03      8.8194E+01      9.2885E+01      1.0000E+00
      3.7920E-03      1.0385E+00      1.0017E+00      1.0615E+00      3.6788E-03      8.7816E+01      9.2181E+01      1.0000E+00
      3.5036E-03      1.0358E+00      1.0059E+00      1.1043E+00      3.2771E-03      8.5328E+01      9.2855E+01      1.0000E+00
      3.0823E-03      1.3125E+00      1.2046E+00      1.8159E+00      2.0373E-03      6.9087E+01      1.1643E+02      1.0000E+00
      4.1515E-03      1.0639E+00      1.0049E+00      1.0979E+00      3.9858E-03      8.7618E+01      9.2381E+01      1.0000E+00
      4.1747E-03      1.0610E+00      1.0041E+00      1.1181E+00      3.8538E-03      8.5331E+01      9.4172E+01      1.0000E+00
      4.4432E-03      1.0656E+00      1.0065E+00      1.1200E+00      4.3384E-03      8.8341E+01      9.1171E+01      1.0000E+00
      4.6704E-03      1.0648E+00      1.0079E+00      1.1336E+00      4.3860E-03      8.6126E+01      9.3110E+01      1.0000E+00
      4.4060E-03      1.1864E+00      1.0825E+00      1.3953E+00      3.6538E-03      6.9431E+01      1.0269E+02      1.0000E+00
      9.1074E-03      1.5831E+00      1.6077E+00      1.8143E+00      4.7447E-03      5.3428E+01      1.4046E+02      1.0000E+00
      6.0498E-03      1.4564E+00      1.2946E+00      1.9379E+00      3.7716E-03      5.3574E+01      1.1685E+02      1.0000E+00
      2.1193E-03      1.3592E+00      1.2846E+00      2.1784E+00      1.1739E-03      6.8484E+01      1.1698E+02      1.0000E+00
      5.7919E-03      1.1761E+00      1.0504E+00      1.3711E+00      5.3539E-03      8.4081E+01      9.2797E+01      1.0000E+00
      4.8443E-03      1.0981E+00      1.0177E+00      1.2032E+00      4.7627E-03      8.7405E+01      9.1852E+01      1.0000E+00
      4.7156E-03      1.3233E+00      1.1295E+00      1.4651E+00      3.9367E-03      7.1936E+01      1.1157E+02      1.0000E+00
      4.6426E-03      1.1095E+00      1.0200E+00      1.2163E+00      4.5724E-03      8.7813E+01      9.2790E+01      1.0000E+00
      2.1302E-03      1.3339E+00      1.3495E+00      2.1567E+00      1.1754E-03      7.1145E+01      1.1993E+02      1.0000E+00
      4.7143E-03      1.3215E+00      1.1180E+00      1.4932E+00      3.9650E-03      7.5302E+01      1.0776E+02      1.0000E+00
      4.6187E-03      1.1111E+00      1.0203E+00      1.2220E+00      4.5512E-03      8.7926E+01      9.1438E+01      1.0000E+00
      5.6603E-03      1.1960E+00      1.0601E+00      1.4017E+00      5.2419E-03      8.0876E+01      9.5689E+01      1.0000E+00
      4.7780E-03      1.1097E+00      1.0200E+00      1.2191E+00      4.7064E-03      8.8486E+01      9.2177E+01      1.0000E+00
      4.4865E-03      1.0607E+00      1.0066E+00      1.1211E+00      4.4525E-03      8.9685E+01      9.0568E+01      1.0000E+00
      4.5793E-03      1.0761E+00      1.0092E+00      1.1409E+00      4.3741E-03      8.4805E+01      9.3418E+01      1.0000E+00
      4.3758E-03      1.0653E+00      1.0069E+00      1.1236E+00      4.3371E-03      8.9209E+01      9.0892E+01      1.0000E+00
      4.1525E-03      1.0666E+00      1.0073E+00      1.0999E+00      3.9979E-03      8.5783E+01      9.4658E+01      1.0000E+00
      5.6806E-03      1.5248E+00      1.3887E+00      2.0238E+00      3.5101E-03      5.0013E+01      1.2221E+02      1.0000E+00
      3.4012E-03      1.0732E+00      1.0182E+00      1.1742E+00      2.9475E-03      8.5083E+01      1.0031E+02      1.0000E+00
      7.1579E-03      1.7282E+00      1.6880E+00      2.3894E+00      3.6285E-03      4.9540E+01      1.3748E+02      1.0000E+00
      4.3357E-03      1.0609E+00      1.0064E+00      1.1182E+00      4.3201E-03      8.8791E+01      9.1196E+01      1.0000E+00
      4.0643E-03      1.0511E+00      1.0044E+00      1.0877E+00      3.9503E-03      8.7602E+01      9.3193E+01      1.0000E+00
      4.3912E-03      1.0644E+00      1.0071E+00      1.1240E+00      4.3692E-03      8.8497E+01      9.1476E+01      1.0000E+00
      4.3250E-03      1.0654E+00      1.0064E+00      1.1162E+00      4.1981E-03      8.6347E+01      9.2855E+01      1.0000E+00
      3.3189E-03      1.0813E+00      1.0338E+00      1.1979E+00      2.8265E-03      8.2436E+01      1.0389E+02      1.0000E+00
      6.6872E-03      1.7026E+00      1.5853E+00      2.2986E+00      3.2981E-03      5.3153E+01      1.3665E+02      1.0000E+00
      5.0291E-03      1.4481E+00      1.2955E+00      1.8860E+00      3.2945E-03      5.4258E+01      1.1946E+02      1.0000E+00
      2.0540E-02      1.6052E+00      1.5369E+00      2.6540E+00      1.0956E-02      5.4528E+01      1.2316E+02      1.0000E+00
      2.0960E-02      1.5840E+00      1.4345E+00      2.4932E+00      1.1055E-02      5.4238E+01      1.1861E+02      1.0000E+00
      1.3094E-02      1.2034E+00      1.0950E+00      1.5657E+00      9.4157E-03      7.2591E+01      1.0390E+02      1.0000E+00
      2.6490E-02      1.7281E+00      1.6343E+00      2.3247E+00      1.3270E-02      5.0942E+01      1.3749E+02      1.0000E+00
      2.1155E-03      1.3573E+00      1.2696E+00      2.1525E+00      1.1780E-03      6.8253E+01      1.1670E+02      1.0000E+00
      5.6404E-03      1.1914E+00      1.0556E+00      1.3937E+00      5.2437E-03      8.4746E+01      9.3079E+01      1.0000E+00
      4.7804E-03      1.1096E+00      1.0200E+00      1.2180E+00      4.7092E-03      8.7022E+01      9.2329E+01      1.0000E+00
      4.6946E-03      1.3248E+00      1.1310E+00      1.4655E+00      3.9239E-03      7.1720E+01      1.1173E+02      1.0000E+00
      4.6194E-03      1.1103E+00      1.0205E+00      1.2185E+00      4.5527E-03      8.7614E+01      9.2997E+01      1.0000E+00
      2.1411E-03      1.3340E+00      1.3414E+00      2.1388E+00      1.1871E-03      7.1126E+01      1.1997E+02      1.0000E+00
      4.7225E-03      1.3205E+00      1.1171E+00      1.4891E+00      3.9773E-03      7.5262E+01      1.0769E+02      1.0000E+00
      4.6225E-03      1.1131E+00      1.0206E+00      1.2240E+00      4.5518E-03      8.7774E+01      9.1643E+01      1.0000E+00
      5.6552E-03      1.1969E+00      1.0603E+00      1.4034E+00      5.2406E-03      8.1005E+01      9.5606E+01      1.0000E+00
      4.7876E-03      1.1123E+00      1.0208E+00      1.2234E+00      4.7149E-03      8.8467E+01      9.2164E+01      1.0000E+00
      4.3922E-03      1.0642E+00      1.0070E+00      1.1234E+00      4.3699E-03      8.8754E+01      9.1236E+01      1.0000E+00
      4.3213E-03      1.0656E+00      1.0061E+00      1.1164E+00      4.1930E-03      8.7277E+01      9.1950E+01      1.0000E+00
      4.3289E-03      1.0613E+00      1.0065E+00      1.1193E+00      4.3086E-03      8.8697E+01      9.1217E+01      1.0000E+00
      4.0444E-03      1.0526E+00      1.0042E+00      1.0917E+00      3.9226E-03      8.8404E+01      9.2505E+01      1.0000E+00
      5.0261E-03      1.4476E+00      1.2915E+00      1.8882E+00      3.2845E-03      5.4426E+01      1.1916E+02      1.0000E+00
      3.2813E-03      1.0817E+00      1.0338E+00      1.1929E+00      2.7893E-03      8.2600E+01      1.0409E+02      1.0000E+00
      6.6263E-03      1.7004E+00      1.5944E+00      2.3111E+00      3.2502E-03      5.3148E+01      1.3675E+02      1.0000E+00
      4.3438E-03      1.0679E+00      1.0078E+00      1.1277E+00      4.3078E-03      8.8092E+01      9.1961E+01      1.0000E+00
      4.0892E-03      1.0687E+00      1.0083E+00      1.1086E+00      3.9271E-03      8.5572E+01      9.5263E+01      1.0000E+00
      4.4315E-03      1.0716E+00      1.0085E+00      1.1368E+00      4.3999E-03      8.8243E+01      9.1699E+01      1.0000E+00
      4.4398E-03      1.0849E+00      1.0106E+00      1.1502E+00      4.2798E-03      8.5307E+01      9.3807E+01      1.0000E+00
      3.3316E-03      1.0712E+00      1.0188E+00      1.1687E+00      2.8815E-03      8.5184E+01      1.0063E+02      1.0000E+00
      6.8800E-03      1.6899E+00      1.6265E+00      2.3397E+00      3.5000E-03      5.1563E+01      1.3626E+02      1.0000E+00
      5.3849E-03      1.5395E+00      1.3765E+00      2.0044E+00      3.3726E-03      5.0168E+01      1.2311E+02      1.0000E+00
      2.1031E-03      1.3561E+00      1.2641E+00      2.1531E+00      1.1720E-03      6.7880E+01      1.1625E+02      1.0000E+00
      5.6164E-03      1.1949E+00      1.0568E+00      1.3984E+00      5.2330E-03      8.4807E+01      9.2963E+01      1.0000E+00
      4.7849E-03      1.1129E+00      1.0208E+00      1.2230E+00      4.7162E-03      8.7124E+01      9.2324E+01      1.0000E+00
      4.6787E-03      1.3285E+00      1.1338E+00      1.4718E+00      3.9024E-03      7.1560E+01      1.1199E+02      1.0000E+00
      4.6178E-03      1.1132E+00      1.0214E+00      1.2243E+00      4.5421E-03      8.7652E+01      9.3034E+01      1.0000E+00
      2.1436E-03      1.3339E+00      1.3505E+00      2.1444E+00      1.1858E-03      7.0794E+01      1.2029E+02      1.0000E+00
      4.7246E-03      1.3196E+00      1.1161E+00      1.4884E+00      3.9826E-03      7.5411E+01      1.0750E+02      1.0000E+00
      4.6178E-03      1.1111E+00      1.0202E+00      1.2210E+00      4.5529E-03      8.7910E+01      9.1515E+01      1.0000E+00
      5.6755E-03      1.1941E+00      1.0596E+00      1.3998E+00      5.2489E-03      8.0878E+01      9.5561E+01      1.0000E+00
      4.7816E-03      1.1092E+00      1.0200E+00      1.2188E+00      4.7071E-03      8.8564E+01      9.2152E+01      1.0000E+00
      4.4334E-03      1.0712E+00      1.0084E+00      1.1364E+00      4.4014E-03      8.8929E+01      9.1140E+01      1.0000E+00
      4.4421E-03      1.0843E+00      1.0098E+00      1.1502E+00      4.2813E-03      8.6195E+01      9.2898E+01      1.0000E+00
      4.3455E-03      1.0677E+00      1.0073E+00      1.1278E+00      4.3108E-03      8.8921E+01      9.1056E+01      1.0000E+00
      4.0922E-03      1.0683E+00      1.0073E+00      1.1094E+00      3.9314E-03      8.6478E+01      9.4321E+01      1.0000E+00
      5.3871E-03      1.5373E+00      1.3684E+00      2.0024E+00      3.3731E-03      5.0455E+01      1.2280E+02      1.0000E+00
      3.3322E-03      1.0710E+00      1.0204E+00      1.1672E+00      2.8827E-03      8.5346E+01      1.0108E+02      1.0000E+00
      6.8774E-03      1.6926E+00      1.6189E+00      2.3411E+00      3.4996E-03      5.1682E+01      1.3611E+02      1.0000E+00
      4.3268E-03      1.0616E+00      1.0066E+00      1.1195E+00      4.3078E-03      8.8760E+01      9.1295E+01      1.0000E+00
      4.0436E-03      1.0524E+00      1.0047E+00      1.0904E+00      3.9225E-03      8.7481E+01      9.3426E+01      1.0000E+00
      4.3903E-03      1.0644E+00      1.0071E+00      1.1236E+00      4.3686E-03      8.8556E+01      9.1441E+01      1.0000E+00
      4.3187E-03      1.0654E+00      1.0064E+00      1.1157E+00      4.1916E-03      8.6380E+01      9.2852E+01      1.0000E+00
      3.2817E-03      1.0809E+00      1.0318E+00      1.1941E+00      2.7901E-03      8.3063E+01      1.0362E+02      1.0000E+00
      6.6139E-03      1.6980E+00      1.6009E+00      2.3066E+00      3.2397E-03      5.3063E+01      1.3694E+02      1.0000E+00
      5.0151E-03      1.4473E+00      1.2963E+00      1.8870E+00      3.2839E-03      5.4261E+01      1.1944E+02      1.0000E+00
      1.3035E-02      1.2062E+00      1.0937E+00      1.5641E+00      9.4093E-03      7.2424E+01      1.0346E+02      1.0000E+00
      2.6286E-02      1.7191E+00      1.6210E+00      2.3155E+00      1.3192E-02      5.1389E+01      1.3717E+02      1.0000E+00
      2.0460E-02      1.6209E+00      1.4368E+00      2.5068E+00      1.0648E-02      5.2888E+01      1.1937E+02      1.0000E+00
      2.0479E-02      1.6193E+00      1.4308E+00      2.5054E+00      1.0646E-02      5.3109E+01      1.1908E+02      1.0000E+00
      1.3010E-02      1.2068E+00      1.0916E+00      1.5628E+00      9.3848E-03      7.2642E+01      1.0378E+02      1.0000E+00
      2.6269E-02      1.7195E+00      1.6203E+00      2.3197E+00      1.3154E-02      5.1469E+01      1.3714E+02      1.0000E+00
      2.0973E-03      1.3555E+00      1.2767E+00      2.1701E+00      1.1627E-03      6.8108E+01      1.1657E+02      1.0000E+00
      5.6349E-03      1.1921E+00      1.0559E+00      1.3950E+00      5.2393E-03      8.4640E+01      9.2963E+01      1.0000E+00
      4.7774E-03      1.1099E+00      1.0201E+00      1.2185E+00      4.7073E-03      8.7115E+01      9.2256E+01      1.0000E+00
      4.6727E-03      1.3285E+00      1.1336E+00      1.4743E+00      3.8969E-03      7.1704E+01      1.1188E+02      1.0000E+00
      4.6096E-03      1.1116E+00      1.0211E+00      1.2223E+00      4.5388E-03      8.7688E+01      9.3010E+01      1.0000E+00
      2.1243E-03      1.3326E+00      1.3513E+00      2.1580E+00      1.1718E-03      7.1168E+01      1.1992E+02      1.0000E+00
      4.7035E-03      1.3239E+00      1.1194E+00      1.4975E+00      3.9537E-03      7.5278E+01      1.0779E+02      1.0000E+00
      4.6142E-03      1.1144E+00      1.0212E+00      1.2275E+00      4.5399E-03      8.7698E+01      9.1648E+01      1.0000E+00
      5.6587E-03      1.1967E+00      1.0605E+00      1.4036E+00      5.2412E-03      8.0895E+01      9.5671E+01      1.0000E+00
      4.7884E-03      1.1126E+00      1.0209E+00      1.2240E+00      4.7145E-03      8.8409E+01      9.2237E+01      1.0000E+00
      4.3913E-03      1.0642E+00      1.0070E+00      1.1234E+00      4.3691E-03      8.8848E+01      9.1168E+01      1.0000E+00
      4.3206E-03      1.0650E+00      1.0060E+00      1.1156E+00      4.1926E-03      8.7205E+01      9.2001E+01      1.0000E+00
      4.3264E-03      1.0617E+00      1.0065E+00      1.1195E+00      4.3086E-03      8.8771E+01      9.1201E+01      1.0000E+00
      4.0453E-03      1.0523E+00      1.0042E+00      1.0908E+00      3.9256E-03      8.8332E+01      9.2540E+01      1.0000E+00
      5.0186E-03      1.4456E+00      1.2909E+00      1.8855E+00      3.2848E-03      5.4496E+01      1.1914E+02      1.0000E+00
      3.2824E-03      1.0812E+00      1.0334E+00      1.1932E+00      2.7903E-03      8.2703E+01      1.0399E+02      1.0000E+00
      6.6153E-03      1.7004E+00      1.5968E+00      2.3080E+00      3.2407E-03      5.3119E+01      1.3687E+02      1.0000E+00
      4.3415E-03      1.0685E+00      1.0079E+00      1.1285E+00      4.3073E-03      8.8063E+01      9.1945E+01      1.0000E+00
      4.0900E-03      1.0688E+00      1.0083E+00      1.1087E+00      3.9287E-03      8.5606E+01      9.5205E+01      1.0000E+00
      4.4319E-03      1.0718E+00      1.0086E+00      1.1373E+00      4.3999E-03      8.8209E+01      9.1727E+01      1.0000E+00
      4.4408E-03      1.0850E+00      1.0106E+00      1.1505E+00      4.2804E-03      8.5335E+01      9.3771E+01      1.0000E+00
      3.3334E-03      1.0707E+00      1.0191E+00      1.1680E+00      2.8848E-03      8.5306E+01      1.0069E+02      1.0000E+00
      6.8814E-03      1.6924E+00      1.6250E+00      2.3406E+00      3.5002E-03      5.1550E+01      1.3626E+02      1.0000E+00
      5.3853E-03      1.5388E+00      1.3746E+00      2.0036E+00      3.3737E-03      5.0239E+01      1.2306E+02      1.0000E+00
      2.1085E-03      1.3558E+00      1.2726E+00      2.1582E+00      1.1728E-03      6.8253E+01      1.1665E+02      1.0000E+00
      5.6385E-03      1.1927E+00      1.0562E+00      1.3963E+00      5.2424E-03      8.4692E+01      9.3021E+01      1.0000E+00
      4.7926E-03      1.1123E+00      1.0208E+00      1.2228E+00      4.7214E-03      8.7090E+01      9.2294E+01      1.0000E+00
      4.6893E-03      1.3269E+00      1.1323E+00      1.4707E+00      3.9170E-03      7.1743E+01      1.1176E+02      1.0000E+00
      4.6243E-03      1.1132E+00      1.0213E+00      1.2239E+00      4.5506E-03      8.7665E+01      9.2990E+01      1.0000E+00
      2.1358E-03      1.3328E+00      1.3457E+00      2.1470E+00      1.1834E-03      7.1106E+01      1.1988E+02      1.0000E+00
      4.7196E-03      1.3212E+00      1.1176E+00      1.4927E+00      3.9741E-03      7.5361E+01      1.0764E+02      1.0000E+00
      4.6199E-03      1.1118E+00      1.0205E+00      1.2230E+00      4.5536E-03      8.7890E+01      9.1504E+01      1.0000E+00
      5.6658E-03      1.1958E+00      1.0600E+00      1.4014E+00      5.2462E-03      8.0884E+01      9.5675E+01      1.0000E+00
      4.7836E-03      1.1099E+00      1.0201E+00      1.2195E+00      4.7114E-03      8.8508E+01      9.2167E+01      1.0000E+00
      4.4364E-03      1.0712E+00      1.0083E+00      1.1362E+00      4.4053E-03      8.8900E+01      9.1153E+01      1.0000E+00
      4.4442E-03      1.0843E+00      1.0098E+00      1.1502E+00      4.2827E-03      8.6170E+01      9.2909E+01      1.0000E+00
      4.3485E-03      1.0678E+00      1.0074E+00      1.1281E+00      4.3136E-03      8.8896E+01      9.1074E+01      1.0000E+00
      4.0941E-03      1.0682E+00      1.0073E+00      1.1091E+00      3.9338E-03      8.6469E+01      9.4315E+01      1.0000E+00
      5.3915E-03      1.5366E+00      1.3688E+00      2.0021E+00      3.3748E-03      5.0433E+01      1.2277E+02      1.0000E+00
      3.3339E-03      1.0708E+00      1.0202E+00      1.1672E+00      2.8843E-03      8.5390E+01      1.0104E+02      1.0000E+00
      6.8827E-03      1.6934E+00      1.6220E+00      2.3417E+00      3.5007E-03      5.1603E+01      1.3619E+02      1.0000E+00
      4.3287E-03      1.0618E+00      1.0067E+00      1.1198E+00      4.3103E-03      8.8726E+01      9.1320E+01      1.0000E+00
      4.0445E-03      1.0523E+00      1.0047E+00      1.0902E+00      3.9238E-03      8.7472E+01      9.3431E+01      1.0000E+00
      4.3924E-03      1.0645E+00      1.0071E+00      1.1238E+00      4.3705E-03      8.8519E+01      9.1471E+01      1.0000E+00
      4.3194E-03      1.0653E+00      1.0064E+00      1.1154E+00      4.1926E-03      8.6375E+01      9.2859E+01      1.0000E+00
      3.2831E-03      1.0808E+00      1.0319E+00      1.1941E+00      2.7918E-03      8.3026E+01      1.0364E+02      1.0000E+00
      6.6176E-03      1.6993E+00      1.6001E+00      2.3072E+00      3.2415E-03      5.3058E+01      1.3693E+02      1.0000E+00
      5.0153E-03      1.4471E+00      1.2960E+00      1.8869E+00      3.2845E-03      5.4284E+01      1.1943E+02      1.0000E+00
      1.3012E-02      1.2069E+00      1.0931E+00      1.5638E+00      9.3855E-03      7.2420E+01      1.0355E+02      1.0000E+00
      2.6282E-02      1.7192E+00      1.6257E+00      2.3201E+00      1.3153E-02      5.1361E+01      1.3726E+02      1.0000E+00
      2.0491E-02      1.6189E+00      1.4350E+00      2.5066E+00      1.0653E-02      5.2984E+01      1.1919E+02      1.0000E+00
      2.0497E-02      1.6183E+00      1.4321E+00      2.5056E+00      1.0655E-02      5.3093E+01      1.1908E+02      1.0000E+00
      1.3021E-02      1.2063E+00      1.0922E+00      1.5631E+00      9.3950E-03      7.2603E+01      1.0370E+02      1.0000E+00
      2.6298E-02      1.7208E+00      1.6229E+00      2.3199E+00      1.3164E-02      5.1388E+01      1.3722E+02      1.0000E+00
      2.1066E-03      1.3562E+00      1.2727E+00      2.1634E+00      1.1717E-03      6.8155E+01      1.1649E+02      1.0000E+00
      5.6403E-03      1.1921E+00      1.0559E+00      1.3947E+00      5.2442E-03      8.4677E+01      9.3009E+01      1.0000E+00
      4.7843E-03      1.1099E+00      1.0201E+00      1.2186E+00      4.7143E-03      8.7087E+01      9.2283E+01      1.0000E+00
      4.6889E-03      1.3266E+00      1.1323E+00      1.4707E+00      3.9151E-03      7.1744E+01      1.1179E+02      1.0000E+00
      4.6210E-03      1.1111E+00      1.0208E+00      1.2208E+00      4.5526E-03      8.7663E+01      9.2988E+01      1.0000E+00
      2.1357E-03      1.3337E+00      1.3511E+00      2.1516E+00      1.1801E-03      7.0929E+01      1.2012E+02      1.0000E+00
      4.7220E-03      1.3211E+00      1.1174E+00      1.4925E+00      3.9764E-03      7.5387E+01      1.0760E+02      1.0000E+00
      4.6254E-03      1.1135E+00      1.0208E+00      1.2251E+00      4.5548E-03      8.7758E+01      9.1648E+01      1.0000E+00
      5.6714E-03      1.1955E+00      1.0601E+00      1.4020E+00      5.2481E-03      8.0882E+01      9.5610E+01      1.0000E+00
      4.7942E-03      1.1119E+00      1.0207E+00      1.2233E+00      4.7197E-03      8.8491E+01      9.2192E+01      1.0000E+00
      4.3951E-03      1.0641E+00      1.0069E+00      1.1231E+00      4.3735E-03      8.8825E+01      9.1177E+01      1.0000E+00
      4.3219E-03      1.0648E+00      1.0059E+00      1.1151E+00      4.1941E-03      8.7207E+01      9.2005E+01      1.0000E+00
      4.3315E-03      1.0614E+00      1.0065E+00      1.1194E+00      4.3124E-03      8.8766E+01      9.1173E+01      1.0000E+00
      4.0468E-03      1.0520E+00      1.0042E+00      1.0904E+00      3.9268E-03      8.8325E+01      9.2558E+01      1.0000E+00
      5.0207E-03      1.4453E+00      1.2912E+00      1.8856E+00      3.2854E-03      5.4486E+01      1.1913E+02      1.0000E+00
      3.2830E-03      1.0810E+00      1.0334E+00      1.1933E+00      2.7906E-03      8.2723E+01      1.0398E+02      1.0000E+00
      6.6182E-03      1.7007E+00      1.5980E+00      2.3083E+00      3.2416E-03      5.3086E+01      1.3689E+02      1.0000E+00
      4.3462E-03      1.0681E+00      1.0078E+00      1.1281E+00      4.3108E-03      8.8118E+01      9.1925E+01      1.0000E+00
      4.0913E-03      1.0687E+00      1.0082E+00      1.1086E+00      3.9295E-03      8.5637E+01      9.5186E+01      1.0000E+00
      4.4342E-03      1.0715E+00      1.0085E+00      1.1367E+00      4.4035E-03      8.8277E+01      9.1678E+01      1.0000E+00
      4.4415E-03      1.0849E+00      1.0105E+00      1.1503E+00      4.2814E-03      8.5369E+01      9.3742E+01      1.0000E+00
      3.3339E-03      1.0706E+00      1.0191E+00      1.1680E+00      2.8852E-03      8.5326E+01      1.0071E+02      1.0000E+00
      6.8827E-03      1.6927E+00      1.6246E+00      2.3407E+00      3.5009E-03      5.1554E+01      1.3625E+02      1.0000E+00
      5.3855E-03      1.5387E+00      1.3744E+00      2.0035E+00      3.3739E-03      5.0251E+01      1.2305E+02      1.0000E+00
      2.0969E-03      1.3554E+00      1.2764E+00      2.1698E+00      1.1627E-03      6.8102E+01      1.1656E+02      1.0000E+00
      5.6348E-03      1.1928E+00      1.0563E+00      1.3964E+00      5.2406E-03      8.4656E+01      9.2953E+01      1.0000E+00
      4.7901E-03      1.1125E+00      1.0208E+00      1.2230E+00      4.7181E-03      8.7135E+01      9.2257E+01      1.0000E+00
      4.6731E-03      1.3292E+00      1.1339E+00      1.4752E+00      3.8960E-03      7.1699E+01      1.1188E+02      1.0000E+00
      4.6150E-03      1.1137E+00      1.0215E+00      1.2255E+00      4.5382E-03      8.7728E+01      9.2978E+01      1.0000E+00
      2.1243E-03      1.3326E+00      1.3515E+00      2.1581E+00      1.1718E-03      7.1161E+01      1.1993E+02      1.0000E+00
      4.7027E-03      1.3233E+00      1.1191E+00      1.4967E+00      3.9539E-03      7.5284E+01      1.0778E+02      1.0000E+00
      4.6091E-03      1.1123E+00      1.0207E+00      1.2244E+00      4.5403E-03      8.7893E+01      9.1450E+01      1.0000E+00
      5.6571E-03      1.1963E+00      1.0602E+00      1.4024E+00      5.2392E-03      8.0874E+01      9.5693E+01      1.0000E+00
      4.7756E-03      1.1101E+00      1.0201E+00      1.2196E+00      4.7042E-03      8.8488E+01      9.2168E+01      1.0000E+00
      4.4352E-03      1.0713E+00      1.0083E+00      1.1363E+00      4.4033E-03      8.8950E+01      9.1109E+01      1.0000E+00
      4.4439E-03      1.0843E+00      1.0098E+00      1.1502E+00      4.2823E-03      8.6137E+01      9.2942E+01      1.0000E+00
      4.3448E-03      1.0679E+00      1.0074E+00      1.1280E+00      4.3107E-03      8.8956E+01      9.1040E+01      1.0000E+00
      4.0932E-03      1.0683E+00      1.0073E+00      1.1091E+00      3.9332E-03      8.6434E+01      9.4341E+01      1.0000E+00
      5.3915E-03      1.5367E+00      1.3690E+00      2.0022E+00      3.3748E-03      5.0423E+01      1.2277E+02      1.0000E+00
      3.3338E-03      1.0708E+00      1.0202E+00      1.1673E+00      2.8842E-03      8.5403E+01      1.0102E+02      1.0000E+00
      6.8828E-03      1.6936E+00      1.6225E+00      2.3419E+00      3.5004E-03      5.1591E+01      1.3620E+02      1.0000E+00
      4.3242E-03      1.0619E+00      1.0067E+00      1.1198E+00      4.3070E-03      8.8742E+01      9.1274E+01      1.0000E+00
      4.0435E-03      1.0525E+00      1.0047E+00      1.0904E+00      3.9232E-03      8.7485E+01      9.3404E+01      1.0000E+00
      4.3887E-03      1.0646E+00      1.0071E+00      1.1243E+00      4.3659E-03      8.8512E+01      9.1459E+01      1.0000E+00
      4.3184E-03      1.0655E+00      1.0064E+00      1.1158E+00      4.1912E-03      8.6376E+01      9.2848E+01      1.0000E+00
      3.2829E-03      1.0808E+00      1.0319E+00      1.1940E+00      2.7919E-03      8.3013E+01      1.0365E+02      1.0000E+00
      6.6171E-03      1.6995E+00      1.6001E+00      2.3074E+00      3.2410E-03      5.3057E+01      1.3694E+02      1.0000E+00
      5.0149E-03      1.4471E+00      1.2958E+00      1.8867E+00      3.2842E-03      5.4287E+01      1.1942E+02      1.0000E+00
      1.3022E-02      1.2063E+00      1.0930E+00      1.5635E+00      9.3952E-03      7.2483E+01      1.0358E+02      1.0000E+00
      2.6304E-02      1.7205E+00      1.6254E+00      2.3200E+00      1.3164E-02      5.1341E+01      1.3727E+02      1.0000E+00
      2.0497E-02      1.6186E+00      1.4343E+00      2.5063E+00      1.0654E-02      5.3009E+01      1.1915E+02      1.0000E+00
      2.0501E-02      1.6181E+00      1.4323E+00      2.5057E+00      1.0655E-02      5.3086E+01      1.1907E+02      1.0000E+00
      1.3022E-02      1.2062E+00      1.0923E+00      1.5631E+00      9.3964E-03      7.2605E+01      1.0369E+02      1.0000E+00
      2.6310E-02      1.7214E+00      1.6237E+00      2.3207E+00      1.3166E-02      5.1364E+01      1.3724E+02      1.0000E+00
      2.1155E-03      1.3572E+00      1.2696E+00      2.1525E+00      1.1780E-03      6.8252E+01      1.1670E+02      1.0000E+00
      5.6398E-03      1.1915E+00      1.0556E+00      1.3939E+00      5.2432E-03      8.4744E+01      9.3077E+01      1.0000E+00
      4.7804E-03      1.1096E+00      1.0200E+00      1.2180E+00      4.7095E-03      8.7039E+01      9.2318E+01      1.0000E+00
      4.6946E-03      1.3248E+00      1.1310E+00      1.4655E+00      3.9239E-03      7.1722E+01      1.1173E+02      1.0000E+00
      4.6198E-03      1.1103E+00      1.0205E+00      1.2185E+00      4.5529E-03      8.7627E+01      9.2989E+01      1.0000E+00
      2.1411E-03      1.3340E+00      1.3414E+00      2.1388E+00      1.1871E-03      7.1126E+01      1.1997E+02      1.0000E+00
      4.7226E-03      1.3205E+00      1.1171E+00      1.4891E+00      3.9773E-03      7.5261E+01      1.0769E+02      1.0000E+00
      4.6228E-03      1.1131E+00      1.0206E+00      1.2240E+00      4.5520E-03      8.7782E+01      9.1633E+01      1.0000E+00
      5.6552E-03      1.1969E+00      1.0603E+00      1.4034E+00      5.2406E-03      8.1006E+01      9.5605E+01      1.0000E+00
      4.7877E-03      1.1123E+00      1.0208E+00      1.2234E+00      4.7151E-03      8.8474E+01      9.2156E+01      1.0000E+00
      4.3928E-03      1.0641E+00      1.0069E+00      1.1230E+00      4.3711E-03      8.8804E+01      9.1199E+01      1.0000E+00
      4.3212E-03      1.0649E+00      1.0060E+00      1.1153E+00      4.1932E-03      8.7210E+01      9.1998E+01      1.0000E+00
      4.3302E-03      1.0612E+00      1.0064E+00      1.1190E+00      4.3104E-03      8.8739E+01      9.1188E+01      1.0000E+00
      4.0464E-03      1.0521E+00      1.0042E+00      1.0905E+00      3.9260E-03      8.8334E+01      9.2553E+01      1.0000E+00
      5.0200E-03      1.4453E+00      1.2911E+00      1.8856E+00      3.2850E-03      5.4487E+01      1.1913E+02      1.0000E+00
      3.2825E-03      1.0809E+00      1.0334E+00      1.1931E+00      2.7904E-03      8.2725E+01      1.0397E+02      1.0000E+00
      6.6167E-03      1.7009E+00      1.5981E+00      2.3085E+00      3.2408E-03      5.3080E+01      1.3690E+02      1.0000E+00
      4.3445E-03      1.0679E+00      1.0078E+00      1.1276E+00      4.3089E-03      8.8118E+01      9.1929E+01      1.0000E+00
      4.0905E-03      1.0685E+00      1.0082E+00      1.1084E+00      3.9287E-03      8.5639E+01      9.5188E+01      1.0000E+00
      4.4317E-03      1.0715E+00      1.0085E+00      1.1367E+00      4.4001E-03      8.8269E+01      9.1672E+01      1.0000E+00
      4.4399E-03      1.0847E+00      1.0105E+00      1.1500E+00      4.2801E-03      8.5375E+01      9.3737E+01      1.0000E+00
      3.3331E-03      1.0706E+00      1.0192E+00      1.1681E+00      2.8843E-03      8.5324E+01      1.0071E+02      1.0000E+00
      6.8807E-03      1.6928E+00      1.6249E+00      2.3407E+00      3.4996E-03      5.1546E+01      1.3626E+02      1.0000E+00
      5.3840E-03      1.5384E+00      1.3742E+00      2.0034E+00      3.3728E-03      5.0258E+01      1.2303E+02      1.0000E+00
      2.1031E-03      1.3561E+00      1.2641E+00      2.1531E+00      1.1720E-03      6.7880E+01      1.1625E+02      1.0000E+00
      5.6163E-03      1.1949E+00      1.0568E+00      1.3984E+00      5.2330E-03      8.4806E+01      9.2962E+01      1.0000E+00
      4.7848E-03      1.1128E+00      1.0208E+00      1.2230E+00      4.7161E-03      8.7129E+01      9.2318E+01      1.0000E+00
      4.6786E-03      1.3285E+00      1.1338E+00      1.4718E+00      3.9024E-03      7.1562E+01      1.1199E+02      1.0000E+00
      4.6175E-03      1.1132E+00      1.0214E+00      1.2243E+00      4.5418E-03      8.7657E+01      9.3027E+01      1.0000E+00
      2.1436E-03      1.3339E+00      1.3505E+00      2.1444E+00      1.1858E-03      7.0794E+01      1.2029E+02      1.0000E+00
      4.7245E-03      1.3196E+00      1.1161E+00      1.4884E+00      3.9825E-03      7.5409E+01      1.0751E+02      1.0000E+00
      4.6174E-03      1.1110E+00      1.0201E+00      1.2209E+00      4.5526E-03      8.7920E+01      9.1507E+01      1.0000E+00
      5.6756E-03      1.1941E+00      1.0596E+00      1.3997E+00      5.2490E-03      8.0879E+01      9.5560E+01      1.0000E+00
      4.7814E-03      1.1092E+00      1.0199E+00      1.2187E+00      4.7068E-03      8.8571E+01      9.2146E+01      1.0000E+00
      4.4332E-03      1.0712E+00      1.0083E+00      1.1363E+00      4.4010E-03      8.8950E+01      9.1120E+01      1.0000E+00
      4.4418E-03      1.0842E+00      1.0098E+00      1.1500E+00      4.2804E-03      8.6130E+01      9.2954E+01      1.0000E+00
      4.3448E-03      1.0677E+00      1.0073E+00      1.1277E+00      4.3100E-03      8.8942E+01      9.1035E+01      1.0000E+00
      4.0913E-03      1.0682E+00      1.0073E+00      1.1090E+00      3.9307E-03      8.6421E+01      9.4370E+01      1.0000E+00
      5.3877E-03      1.5369E+00      1.3695E+00      2.0026E+00      3.3726E-03      5.0415E+01      1.2280E+02      1.0000E+00
      3.3316E-03      1.0708E+00      1.0201E+00      1.1674E+00      2.8823E-03      8.5417E+01      1.0101E+02      1.0000E+00
      6.8797E-03      1.6937E+00      1.6220E+00      2.3422E+00      3.4993E-03      5.1597E+01      1.3619E+02      1.0000E+00
      4.3257E-03      1.0615E+00      1.0066E+00      1.1194E+00      4.3067E-03      8.8787E+01      9.1272E+01      1.0000E+00
      4.0423E-03      1.0523E+00      1.0047E+00      1.0902E+00      3.9214E-03      8.7518E+01      9.3382E+01      1.0000E+00
      4.3895E-03      1.0643E+00      1.0071E+00      1.1234E+00      4.3678E-03      8.8575E+01      9.1423E+01      1.0000E+00
      4.3183E-03      1.0654E+00      1.0063E+00      1.1156E+00      4.1905E-03      8.6389E+01      9.2831E+01      1.0000E+00
      3.2811E-03      1.0808E+00      1.0321E+00      1.1940E+00      2.7899E-03      8.3003E+01      1.0367E+02      1.0000E+00
      6.6248E-03      1.7006E+00      1.6034E+00      2.3102E+00      3.2452E-03      5.2947E+01      1.3699E+02      1.0000E+00
      5.0213E-03      1.4468E+00      1.2965E+00      1.8878E+00      3.2836E-03      5.4226E+01      1.1934E+02      1.0000E+00
      1.3022E-02      1.2063E+00      1.0931E+00      1.5637E+00      9.3954E-03      7.2485E+01      1.0358E+02      1.0000E+00
      2.6315E-02      1.7211E+00      1.6263E+00      2.3207E+00      1.3166E-02      5.1315E+01      1.3729E+02      1.0000E+00
      2.0499E-02      1.6183E+00      1.4346E+00      2.5063E+00      1.0652E-02      5.3000E+01      1.1913E+02      1.0000E+00
      2.0494E-02      1.6182E+00      1.4320E+00      2.5063E+00      1.0647E-02      5.3099E+01      1.1904E+02      1.0000E+00
      1.3035E-02      1.2041E+00      1.0925E+00      1.5618E+00      9.4131E-03      7.2744E+01      1.0373E+02      1.0000E+00
      2.6335E-02      1.7229E+00      1.6218E+00      2.3181E+00      1.3194E-02      5.1341E+01      1.3724E+02      1.0000E+00
      2.1020E-03      1.3570E+00      1.2752E+00      2.1701E+00      1.1654E-03      6.8041E+01      1.1656E+02      1.0000E+00
      5.6368E-03      1.1920E+00      1.0558E+00      1.3945E+00      5.2412E-03      8.4647E+01      9.2970E+01      1.0000E+00
      4.7791E-03      1.1096E+00      1.0200E+00      1.2179E+00      4.7092E-03      8.7116E+01      9.2256E+01      1.0000E+00
      4.6837E-03      1.3268E+00      1.1326E+00      1.4711E+00      3.9063E-03      7.1713E+01      1.1188E+02      1.0000E+00
      4.6195E-03      1.1103E+00      1.0206E+00      1.2196E+00      4.5494E-03      8.7654E+01      9.3034E+01      1.0000E+00
      2.1502E-03      1.3391E+00      1.3651E+00      2.1737E+00      1.1826E-03      7.0291E+01      1.2047E+02      1.0000E+00
      4.7568E-03      1.3163E+00      1.1138E+00      1.4835E+00      4.0038E-03      7.5589E+01      1.0740E+02      1.0000E+00
      4.6498E-03      1.1087E+00      1.0192E+00      1.2146E+00      4.5841E-03      8.7700E+01      9.1784E+01      1.0000E+00
      5.8771E-03      1.1731E+00      1.0523E+00      1.3642E+00      5.4022E-03      8.0371E+01      9.5347E+01      1.0000E+00
      4.8740E-03      1.0931E+00      1.0164E+00      1.1967E+00      4.7798E-03      8.8214E+01      9.2508E+01      1.0000E+00
      4.3933E-03      1.0638E+00      1.0069E+00      1.1227E+00      4.3711E-03      8.8857E+01      9.1169E+01      1.0000E+00
      4.3253E-03      1.0643E+00      1.0059E+00      1.1148E+00      4.1968E-03      8.7245E+01      9.1928E+01      1.0000E+00
      4.3380E-03      1.0603E+00      1.0063E+00      1.1166E+00      4.3218E-03      8.8733E+01      9.1280E+01      1.0000E+00
      4.0646E-03      1.0501E+00      1.0038E+00      1.0862E+00      3.9509E-03      8.8505E+01      9.2260E+01      1.0000E+00
      5.0264E-03      1.4441E+00      1.2886E+00      1.8841E+00      3.2914E-03      5.4627E+01      1.1903E+02      1.0000E+00
      3.3149E-03      1.0793E+00      1.0357E+00      1.1955E+00      2.8250E-03      8.2083E+01      1.0426E+02      1.0000E+00
      6.6717E-03      1.7090E+00      1.5840E+00      2.2989E+00      3.2897E-03      5.3055E+01      1.3671E+02      1.0000E+00
      4.3756E-03      1.0644E+00      1.0071E+00      1.1214E+00      4.3387E-03      8.7815E+01      9.2100E+01      1.0000E+00
      4.1478E-03      1.0649E+00      1.0080E+00      1.0953E+00      3.9943E-03      8.4966E+01      9.5504E+01      1.0000E+00
      4.4935E-03      1.0582E+00      1.0063E+00      1.1145E+00      4.4658E-03      8.7853E+01      9.1895E+01      1.0000E+00
      4.5733E-03      1.0734E+00      1.0094E+00      1.1341E+00      4.3741E-03      8.4108E+01      9.4169E+01      1.0000E+00
      3.3957E-03      1.0758E+00      1.0172E+00      1.1806E+00      2.9428E-03      8.4710E+01      9.9933E+01      1.0000E+00
      7.1299E-03      1.7313E+00      1.6949E+00      2.3850E+00      3.6085E-03      4.9358E+01      1.3775E+02      1.0000E+00
      5.6580E-03      1.5209E+00      1.3922E+00      2.0223E+00      3.5049E-03      5.0058E+01      1.2232E+02      1.0000E+00
      3.8982E-03      1.2378E+00      1.1760E+00      1.3465E+00      2.9053E-03      7.0529E+01      1.2137E+02      1.0000E+00
      6.2245E-03      1.1249E+00      1.0396E+00      1.3165E+00      5.5290E-03      8.2702E+01      9.4795E+01      1.0000E+00
      4.8693E-03      1.0927E+00      1.0154E+00      1.1878E+00      4.6533E-03      8.5273E+01      9.2464E+01      1.0000E+00
      5.1384E-03      1.2518E+00      1.0839E+00      1.4063E+00      4.0779E-03      6.9202E+01      1.0613E+02      1.0000E+00
      4.4317E-03      1.0939E+00      1.0124E+00      1.1469E+00      4.1634E-03      8.3626E+01      9.5237E+01      1.0000E+00
      2.5301E-03      1.3309E+00      1.2107E+00      1.7607E+00      1.4938E-03      7.2981E+01      1.2167E+02      1.0000E+00
      3.4580E-03      1.0699E+00      1.0100E+00      1.1502E+00      3.0749E-03      8.5055E+01      9.7749E+01      1.0000E+00
      3.8770E-03      1.0562E+00      1.0049E+00      1.0928E+00      3.6776E-03      8.5855E+01      9.4917E+01      1.0000E+00
      4.4651E-03      1.0611E+00      1.0060E+00      1.1062E+00      4.3679E-03      8.7596E+01      9.2774E+01      1.0000E+00
      4.6657E-03      1.0616E+00      1.0070E+00      1.1247E+00      4.3806E-03      8.6784E+01      9.3803E+01      1.0000E+00
      4.1759E-03      1.0576E+00      1.0046E+00      1.0778E+00      4.0215E-03      8.6619E+01      9.3514E+01      1.0000E+00
      4.1602E-03      1.0577E+00      1.0043E+00      1.1223E+00      3.8381E-03      8.5821E+01      9.4687E+01      1.0000E+00
      6.0349E-03      1.4506E+00      1.2947E+00      1.9403E+00      3.7556E-03      5.3772E+01      1.1651E+02      1.0000E+00
      4.3717E-03      1.1872E+00      1.0833E+00      1.3989E+00      3.6375E-03      6.9639E+01      1.0268E+02      1.0000E+00
      9.0538E-03      1.5849E+00      1.6210E+00      1.8149E+00      4.6956E-03      5.3182E+01      1.4081E+02      1.0000E+00
      3.7994E-03      1.0319E+00      1.0020E+00      1.0651E+00      3.6605E-03      8.6631E+01      9.2781E+01      1.0000E+00
      3.4679E-03      1.0426E+00      1.0082E+00      1.1221E+00      3.2268E-03      8.4790E+01      9.3138E+01      1.0000E+00
      3.0515E-03      1.3085E+00      1.2131E+00      1.8303E+00      2.0111E-03      6.8996E+01      1.1640E+02      1.0000E+00
      1.3084E-02      1.2022E+00      1.0975E+00      1.5675E+00      9.4063E-03      7.2401E+01      1.0367E+02      1.0000E+00
      2.6455E-02      1.7239E+00      1.6300E+00      2.3171E+00      1.3274E-02      5.1077E+01      1.3741E+02      1.0000E+00
      2.0889E-02      1.5867E+00      1.4394E+00      2.4990E+00      1.1027E-02      5.4133E+01      1.1892E+02      1.0000E+00
      2.0478E-02      1.6081E+00      1.5455E+00      2.6589E+00      1.0916E-02      5.4267E+01      1.2348E+02      1.0000E+00
      3.2065E-03      1.6005E+00      1.2963E+00      1.8190E+00      2.1589E-03      5.7183E+01      1.2559E+02      1.0000E+00
      3.0488E-03      1.1737E+00      1.1114E+00      1.3516E+00      2.4104E-03      7.1696E+01      1.1405E+02      1.0000E+00
      4.0747E-03      1.0930E+00      1.0383E+00      1.2757E+00      3.7290E-03      8.3065E+01      9.7713E+01      1.0000E+00
      2.1553E-03      1.5690E+00      1.2781E+00      1.7349E+00      1.4999E-03      5.8418E+01      1.2426E+02      1.0000E+00
      1.7315E-03      1.2207E+00      1.0765E+00      1.3593E+00      1.3696E-03      7.7118E+01      1.1129E+02      1.0000E+00
      2.8842E-03      1.0734E+00      1.0071E+00      1.1487E+00      2.6480E-03      8.3957E+01      9.4549E+01      1.0000E+00
      3.5205E-03      1.0176E+00      1.0011E+00      1.0487E+00      3.4052E-03      8.8139E+01      9.1872E+01      1.0000E+00
      3.5897E-03      1.0076E+00      1.0003E+00      1.0166E+00      3.5446E-03      8.8536E+01      9.0827E+01      1.0000E+00
      3.1348E-03      1.0672E+00      1.0062E+00      1.1067E+00      2.9699E-03      8.5187E+01      9.3419E+01      1.0000E+00
      2.0908E-03      1.2218E+00      1.0809E+00      1.4062E+00      1.7182E-03      7.8351E+01      1.0951E+02      1.0000E+00
      3.2414E-03      1.7723E+00      1.4365E+00      1.9961E+00      1.9426E-03      5.0743E+01      1.3406E+02      1.0000E+00
      8.8624E-03      1.1732E+00      1.0505E+00      1.3694E+00      7.3007E-03      8.0931E+01      1.0129E+02      1.0000E+00
      9.5832E-03      1.1320E+00      1.0601E+00      1.3459E+00      8.7823E-03      8.1000E+01      1.0013E+02      1.0000E+00
      2.3283E-02      1.8416E+00      1.6058E+00      2.3355E+00      1.2824E-02      4.6994E+01      1.3671E+02      1.0000E+00
      6.5263E-02      1.1371E+00      1.0311E+00      1.2416E+00      5.7967E-02      7.7706E+01      1.0270E+02      1.0000E+00
      6.4649E-02      1.1447E+00      1.0417E+00      1.2783E+00      5.6655E-02      7.5591E+01      1.0421E+02      1.0000E+00
      6.4405E-02      1.1525E+00      1.0407E+00      1.2847E+00      5.6330E-02      7.5668E+01      1.0423E+02      1.0000E+00
      6.4387E-02      1.1529E+00      1.0417E+00      1.2840E+00      5.6353E-02      7.5477E+01      1.0447E+02      1.0000E+00
      6.4437E-02      1.1524E+00      1.0413E+00      1.2841E+00      5.6413E-02      7.5616E+01      1.0437E+02      1.0000E+00
      6.4503E-02      1.1519E+00      1.0418E+00      1.2841E+00      5.6478E-02      7.5557E+01      1.0444E+02      1.0000E+00
      6.4515E-02      1.1517E+00      1.0414E+00      1.2842E+00      5.6488E-02      7.5627E+01      1.0437E+02      1.0000E+00
      6.4547E-02      1.1515E+00      1.0418E+00      1.2840E+00      5.6516E-02      7.5572E+01      1.0444E+02      1.0000E+00
      6.4582E-02      1.1514E+00      1.0415E+00      1.2844E+00      5.6521E-02      7.5659E+01      1.0437E+02      1.0000E+00
      6.4667E-02      1.1507E+00      1.0417E+00      1.2830E+00      5.6651E-02      7.5586E+01      1.0441E+02      1.0000E+00
      6.4638E-02      1.1488E+00      1.0406E+00      1.2808E+00      5.6547E-02      7.5617E+01      1.0412E+02      1.0000E+00
      6.5086E-02      1.1430E+00      1.0329E+00      1.2369E+00      5.8066E-02      7.7570E+01      1.0262E+02      1.0000E+00
      2.3286E-02      1.8269E+00      1.6055E+00      2.3404E+00      1.2781E-02      4.7337E+01      1.3649E+02      1.0000E+00
      9.4982E-03      1.1294E+00      1.0580E+00      1.3405E+00      8.6955E-03      8.1207E+01      1.0003E+02      1.0000E+00
      8.7986E-03      1.1698E+00      1.0484E+00      1.3610E+00      7.2623E-03      8.0770E+01      1.0095E+02      1.0000E+00
      3.2308E-03      1.7625E+00      1.4335E+00      2.0011E+00      1.9261E-03      5.0765E+01      1.3422E+02      1.0000E+00
      2.0419E-03      1.2316E+00      1.0856E+00      1.4232E+00      1.6769E-03      7.8279E+01      1.0938E+02      1.0000E+00
      3.0731E-03      1.0798E+00      1.0082E+00      1.1329E+00      2.8927E-03      8.4758E+01      9.3509E+01      1.0000E+00
      3.5763E-03      1.0218E+00      1.0010E+00      1.0409E+00      3.5086E-03      8.7787E+01      9.1288E+01      1.0000E+00
      3.5859E-03      1.0203E+00      1.0007E+00      1.0332E+00      3.4988E-03      8.9038E+01      9.1935E+01      1.0000E+00
      3.0080E-03      1.0809E+00      1.0073E+00      1.1266E+00      2.7958E-03      8.4887E+01      9.3872E+01      1.0000E+00
      1.8406E-03      1.2435E+00      1.0889E+00      1.4186E+00      1.4680E-03      7.7181E+01      1.1093E+02      1.0000E+00
      2.3135E-03      1.6600E+00      1.3509E+00      1.8303E+00      1.5967E-03      5.4952E+01      1.2740E+02      1.0000E+00
      4.4391E-03      1.1657E+00      1.0637E+00      1.4261E+00      4.0004E-03      8.5192E+01      9.7287E+01      1.0000E+00
      3.3244E-03      1.1275E+00      1.1420E+00      1.3454E+00      2.6112E-03      7.1613E+01      1.1530E+02      1.0000E+00
      3.2866E-03      1.5877E+00      1.2731E+00      1.8279E+00      2.2046E-03      5.9593E+01      1.2333E+02      1.0000E+00
      6.0249E-03      1.1259E+00      1.0744E+00      1.3686E+00      5.3421E-03      7.7973E+01      1.0231E+02      1.0000E+00
      5.3804E-03      1.1683E+00      1.0694E+00      1.4465E+00      4.6561E-03      8.3727E+01      9.7664E+01      1.0000E+00
      2.2400E-03      1.8683E+00      1.5273E+00      2.0704E+00      1.4170E-03      4.6943E+01      1.3587E+02      1.0000E+00
      1.2711E-03      1.2923E+00      1.1314E+00      1.6318E+00      1.1009E-03      8.2714E+01      1.0366E+02      1.0000E+00
      1.2580E-03      1.3037E+00      1.1383E+00      1.6238E+00      1.0983E-03      7.9665E+01      1.0607E+02      1.0000E+00
      2.0787E-03      1.9748E+00      1.6106E+00      2.2290E+00      1.3077E-03      4.5468E+01      1.3737E+02      1.0000E+00
      5.0625E-03      1.1923E+00      1.0846E+00      1.5037E+00      4.4063E-03      8.3839E+01      1.0010E+02      1.0000E+00
      5.1345E-03      1.1816E+00      1.0784E+00      1.4813E+00      4.4728E-03      8.5010E+01      9.7985E+01      1.0000E+00
      2.2254E-03      1.8714E+00      1.5295E+00      2.0713E+00      1.4025E-03      4.7025E+01      1.3597E+02      1.0000E+00
      1.2869E-03      1.2826E+00      1.1261E+00      1.6169E+00      1.1100E-03      8.2976E+01      1.0374E+02      1.0000E+00
      1.2686E-03      1.2973E+00      1.1346E+00      1.6108E+00      1.1064E-03      7.9555E+01      1.0631E+02      1.0000E+00
      2.0592E-03      1.9893E+00      1.6216E+00      2.2555E+00      1.3005E-03      4.5228E+01      1.3744E+02      1.0000E+00
      5.0205E-03      1.1983E+00      1.0896E+00      1.5213E+00      4.3562E-03      8.3707E+01      1.0026E+02      1.0000E+00
      5.0952E-03      1.1871E+00      1.0826E+00      1.4966E+00      4.4280E-03      8.4972E+01      9.8084E+01      1.0000E+00
      2.2063E-03      1.8833E+00      1.5389E+00      2.0922E+00      1.3932E-03      4.6786E+01      1.3611E+02      1.0000E+00
      1.2879E-03      1.2820E+00      1.1255E+00      1.6127E+00      1.1122E-03      8.2721E+01      1.0392E+02      1.0000E+00
      1.2767E-03      1.2920E+00      1.1314E+00      1.6041E+00      1.1114E-03      7.9868E+01      1.0616E+02      1.0000E+00
      2.0883E-03      1.9692E+00      1.6047E+00      2.2201E+00      1.3139E-03      4.5698E+01      1.3714E+02      1.0000E+00
      5.0639E-03      1.1924E+00      1.0855E+00      1.5043E+00      4.4046E-03      8.3625E+01      1.0031E+02      1.0000E+00
      5.1085E-03      1.1850E+00      1.0807E+00      1.4896E+00      4.4479E-03      8.4823E+01      9.7812E+01      1.0000E+00
      2.1998E-03      1.8860E+00      1.5424E+00      2.0966E+00      1.3894E-03      4.6598E+01      1.3629E+02      1.0000E+00
      1.2667E-03      1.2944E+00      1.1331E+00      1.6360E+00      1.0965E-03      8.2598E+01      1.0378E+02      1.0000E+00
      1.2561E-03      1.3042E+00      1.1390E+00      1.6268E+00      1.0958E-03      7.9739E+01      1.0605E+02      1.0000E+00
      2.0778E-03      1.9752E+00      1.6110E+00      2.2293E+00      1.3069E-03      4.5454E+01      1.3739E+02      1.0000E+00
      5.0571E-03      1.1927E+00      1.0848E+00      1.5044E+00      4.4028E-03      8.3839E+01      1.0009E+02      1.0000E+00
      5.1212E-03      1.1829E+00      1.0791E+00      1.4837E+00      4.4594E-03      8.4939E+01      9.7961E+01      1.0000E+00
      2.2108E-03      1.8773E+00      1.5346E+00      2.0795E+00      1.3919E-03      4.6824E+01      1.3614E+02      1.0000E+00
      1.2727E-03      1.2855E+00      1.1274E+00      1.6197E+00      1.1004E-03      8.2798E+01      1.0374E+02      1.0000E+00
      1.2582E-03      1.2977E+00      1.1345E+00      1.6114E+00      1.0970E-03      7.9646E+01      1.0620E+02      1.0000E+00
      2.0774E-03      1.9722E+00      1.6076E+00      2.2228E+00      1.3048E-03      4.5515E+01      1.3731E+02      1.0000E+00
      5.0589E-03      1.1918E+00      1.0841E+00      1.5017E+00      4.4023E-03      8.3767E+01      1.0021E+02      1.0000E+00
      5.1081E-03      1.1840E+00      1.0801E+00      1.4874E+00      4.4446E-03      8.4845E+01      9.7912E+01      1.0000E+00
      2.1971E-03      1.8842E+00      1.5400E+00      2.0936E+00      1.3875E-03      4.6632E+01      1.3618E+02      1.0000E+00
      1.2730E-03      1.2853E+00      1.1270E+00      1.6167E+00      1.1002E-03      8.2589E+01      1.0394E+02      1.0000E+00
      1.2652E-03      1.2933E+00      1.1322E+00      1.6070E+00      1.1020E-03      7.9893E+01      1.0610E+02      1.0000E+00
      2.0820E-03      1.9704E+00      1.6059E+00      2.2197E+00      1.3074E-03      4.5602E+01      1.3725E+02      1.0000E+00
      5.0570E-03      1.1928E+00      1.0851E+00      1.5044E+00      4.3982E-03      8.3722E+01      1.0027E+02      1.0000E+00
      5.1066E-03      1.1849E+00      1.0807E+00      1.4894E+00      4.4473E-03      8.4852E+01      9.7815E+01      1.0000E+00
      2.1996E-03      1.8861E+00      1.5426E+00      2.0967E+00      1.3892E-03      4.6595E+01      1.3629E+02      1.0000E+00
      1.2667E-03      1.2944E+00      1.1331E+00      1.6360E+00      1.0965E-03      8.2595E+01      1.0378E+02      1.0000E+00
      1.2562E-03      1.3042E+00      1.1389E+00      1.6267E+00      1.0959E-03      7.9742E+01      1.0605E+02      1.0000E+00
      2.0784E-03      1.9748E+00      1.6106E+00      2.2288E+00      1.3074E-03      4.5463E+01      1.3738E+02      1.0000E+00
      5.0615E-03      1.1924E+00      1.0846E+00      1.5037E+00      4.4058E-03      8.3858E+01      1.0008E+02      1.0000E+00
      5.1344E-03      1.1816E+00      1.0784E+00      1.4812E+00      4.4728E-03      8.5011E+01      9.7985E+01      1.0000E+00
      2.2254E-03      1.8714E+00      1.5295E+00      2.0713E+00      1.4025E-03      4.7025E+01      1.3597E+02      1.0000E+00
      1.2869E-03      1.2826E+00      1.1261E+00      1.6169E+00      1.1100E-03      8.2976E+01      1.0374E+02      1.0000E+00
      1.2686E-03      1.2973E+00      1.1346E+00      1.6108E+00      1.1064E-03      7.9555E+01      1.0631E+02      1.0000E+00
      2.0592E-03      1.9893E+00      1.6216E+00      2.2555E+00      1.3004E-03      4.5228E+01      1.3744E+02      1.0000E+00
      5.0205E-03      1.1983E+00      1.0896E+00      1.5213E+00      4.3562E-03      8.3707E+01      1.0026E+02      1.0000E+00
      5.0951E-03      1.1871E+00      1.0826E+00      1.4966E+00      4.4280E-03      8.4971E+01      9.8084E+01      1.0000E+00
      2.2063E-03      1.8833E+00      1.5389E+00      2.0922E+00      1.3932E-03      4.6786E+01      1.3611E+02      1.0000E+00
      1.2879E-03      1.2820E+00      1.1255E+00      1.6127E+00      1.1122E-03      8.2720E+01      1.0392E+02      1.0000E+00
      1.2767E-03      1.2920E+00      1.1314E+00      1.6040E+00      1.1114E-03      7.9868E+01      1.0616E+02      1.0000E+00
      2.0883E-03      1.9692E+00      1.6046E+00      2.2200E+00      1.3139E-03      4.5699E+01      1.3714E+02      1.0000E+00
      5.0644E-03      1.1923E+00      1.0855E+00      1.5042E+00      4.4048E-03      8.3625E+01      1.0031E+02      1.0000E+00
      5.1107E-03      1.1847E+00      1.0807E+00      1.4893E+00      4.4492E-03      8.4833E+01      9.7833E+01      1.0000E+00
      2.2012E-03      1.8855E+00      1.5418E+00      2.0960E+00      1.3906E-03      4.6622E+01      1.3626E+02      1.0000E+00
      1.2699E-03      1.2930E+00      1.1318E+00      1.6316E+00      1.0998E-03      8.2536E+01      1.0381E+02      1.0000E+00
      1.2622E-03      1.3009E+00      1.1367E+00      1.6209E+00      1.1013E-03      7.9858E+01      1.0596E+02      1.0000E+00
      2.1120E-03      1.9592E+00      1.5968E+00      2.2045E+00      1.3282E-03      4.5776E+01      1.3705E+02      1.0000E+00
      5.2692E-03      1.1829E+00      1.0772E+00      1.4771E+00      4.5593E-03      8.4552E+01      1.0004E+02      1.0000E+00
      5.8861E-03      1.1269E+00      1.0676E+00      1.3852E+00      5.2354E-03      8.0955E+01      9.9295E+01      1.0000E+00
