  
 ------------------------
 2D Mesh Quality Measures
 ------------------------
  
Signed Area     Aspect Ratio    Condition       Edge Ratio      Jacobian        Minimum Angle   Maximum Angle   Area Sign       
      7.8608E-04      1.0516E+00      1.0030E+00      1.1034E+00      7.3340E-04      8.6362E+01      9.4055E+01      1.0000E+00
      7.3377E-04      1.3485E+00      1.2210E+00      1.7692E+00      4.9817E-04      6.4827E+01      1.1946E+02      1.0000E+00
      9.5630E-04      1.0484E+00      1.0029E+00      1.0996E+00      8.9255E-04      8.5871E+01      9.3512E+01      1.0000E+00
      1.0803E-03      1.0327E+00      1.0026E+00      1.0738E+00      1.0223E-03      8.6914E+01      9.3054E+01      1.0000E+00
      1.0251E-03      1.1515E+00      1.0827E+00      1.3562E+00      8.4452E-04      6.9482E+01      1.0480E+02      1.0000E+00
      2.1446E-03      1.5571E+00      1.5976E+00      1.8576E+00      1.0956E-03      5.4856E+01      1.3976E+02      1.0000E+00
      1.4194E-03      1.4205E+00      1.2839E+00      1.9062E+00      8.9444E-04      5.4656E+01      1.1544E+02      1.0000E+00
      3.8026E-03      1.1371E+00      1.0626E+00      1.3366E+00      3.1426E-03      7.2544E+01      1.0325E+02      1.0000E+00
      3.4307E-03      1.0350E+00      1.0066E+00      1.0984E+00      3.2906E-03      8.5480E+01      9.3796E+01      1.0000E+00
      1.0715E-03      1.0373E+00      1.0036E+00      1.0660E+00      1.0292E-03      8.5470E+01      9.2737E+01      1.0000E+00
      9.8815E-04      1.0292E+00      1.0024E+00      1.0522E+00      9.5783E-04      8.6763E+01      9.3813E+01      1.0000E+00
      1.3326E-03      1.4813E+00      1.3733E+00      2.0198E+00      8.3009E-04      5.2115E+01      1.2082E+02      1.0000E+00
      8.1081E-04      1.1016E+00      1.0282E+00      1.2368E+00      6.9842E-04      8.5031E+01      1.0184E+02      1.0000E+00
      1.6792E-03      1.7467E+00      1.6480E+00      2.3296E+00      8.7252E-04      4.9244E+01      1.3735E+02      1.0000E+00
      9.7997E-04      1.0314E+00      1.0019E+00      1.0503E+00      9.4916E-04      8.7471E+01      9.3290E+01      1.0000E+00
      1.0461E-03      1.0488E+00      1.0037E+00      1.0802E+00      1.0130E-03      8.6566E+01      9.2640E+01      1.0000E+00
      8.0271E-04      1.0968E+00      1.0309E+00      1.2309E+00      6.9050E-04      8.4088E+01      1.0253E+02      1.0000E+00
      1.6382E-03      1.7227E+00      1.6057E+00      2.2891E+00      8.5131E-04      5.0644E+01      1.3665E+02      1.0000E+00
      1.2694E-03      1.4833E+00      1.3529E+00      1.9848E+00      8.0026E-04      5.2265E+01      1.2082E+02      1.0000E+00
      3.9389E-03      1.1129E+00      1.0400E+00      1.2670E+00      3.4356E-03      7.6585E+01      1.0207E+02      1.0000E+00
      3.7534E-03      1.0244E+00      1.0021E+00      1.0609E+00      3.6837E-03      8.8118E+01      9.1471E+01      1.0000E+00
      3.9526E-03      1.1139E+00      1.0386E+00      1.2714E+00      3.4416E-03      7.8368E+01      1.0269E+02      1.0000E+00
      3.9511E-03      1.0274E+00      1.0017E+00      1.0590E+00      3.9102E-03      8.9329E+01      9.0498E+01      1.0000E+00
      3.2654E-03      1.0455E+00      1.0069E+00      1.1122E+00      3.1304E-03      8.5839E+01      9.2886E+01      1.0000E+00
      3.0584E-03      1.0567E+00      1.0126E+00      1.1525E+00      2.8112E-03      8.3277E+01      9.4055E+01      1.0000E+00
      2.6580E-03      1.3642E+00      1.2111E+00      1.8525E+00      1.6384E-03      6.9585E+01      1.1964E+02      1.0000E+00
      3.6545E-03      1.0374E+00      1.0053E+00      1.0969E+00      3.5524E-03      8.7213E+01      9.3236E+01      1.0000E+00
      3.7702E-03      1.0646E+00      1.0109E+00      1.1434E+00      3.5519E-03      8.6214E+01      9.6515E+01      1.0000E+00
      3.9567E-03      1.0494E+00      1.0047E+00      1.1001E+00      3.8678E-03      8.8942E+01      9.2295E+01      1.0000E+00
      4.1731E-03      1.0809E+00      1.0107E+00      1.1400E+00      4.0191E-03      8.6271E+01      9.4663E+01      1.0000E+00
      4.8574E-03      1.2311E+00      1.0740E+00      1.3135E+00      4.2021E-03      7.2204E+01      1.0713E+02      1.0000E+00
      5.8006E-03      1.1149E+00      1.0270E+00      1.2566E+00      5.2536E-03      8.2820E+01      9.3452E+01      1.0000E+00
      4.5926E-03      1.0988E+00      1.0141E+00      1.1711E+00      4.4199E-03      8.4935E+01      9.4441E+01      1.0000E+00
      4.9666E-03      1.0867E+00      1.0145E+00      1.1821E+00      4.7992E-03      8.6510E+01      9.1711E+01      1.0000E+00
      1.0476E-03      1.0482E+00      1.0038E+00      1.0805E+00      1.0239E-03      8.6919E+01      9.2684E+01      1.0000E+00
      9.9901E-04      1.0331E+00      1.0026E+00      1.0529E+00      9.7598E-04      8.7133E+01      9.3525E+01      1.0000E+00
      1.2429E-03      1.5013E+00      1.3579E+00      1.9678E+00      8.0173E-04      5.2181E+01      1.2295E+02      1.0000E+00
      8.0583E-04      1.1136E+00      1.0338E+00      1.2404E+00      6.4691E-04      8.1833E+01      1.0452E+02      1.0000E+00
      1.5009E-03      1.6483E+00      1.5186E+00      2.2627E+00      8.3008E-04      5.2715E+01      1.3253E+02      1.0000E+00
      9.9757E-04      1.0084E+00      1.0002E+00      1.0132E+00      9.9151E-04      8.9151E+01      9.1003E+01      1.0000E+00
      1.0112E-03      1.0058E+00      1.0001E+00      1.0125E+00      1.0039E-03      8.9278E+01      9.0609E+01      1.0000E+00
      1.0461E-03      1.0536E+00      1.0047E+00      1.0828E+00      9.8707E-04      8.6827E+01      9.5100E+01      1.0000E+00
      1.2703E-03      1.0643E+00      1.0072E+00      1.1253E+00      1.1422E-03      8.3220E+01      9.4804E+01      1.0000E+00
      1.0397E-03      1.0136E+00      1.0006E+00      1.0256E+00      1.0190E-03      8.8035E+01      9.0911E+01      1.0000E+00
      1.0452E-03      1.0419E+00      1.0033E+00      1.0754E+00      9.9065E-04      8.7160E+01      9.4595E+01      1.0000E+00
      4.0061E-03      1.1689E+00      1.1635E+00      1.2317E+00      3.0003E-03      7.2559E+01      1.2073E+02      1.0000E+00
      3.9996E-03      1.1466E+00      1.0323E+00      1.2466E+00      3.5429E-03      7.7978E+01      1.0246E+02      1.0000E+00
      1.5050E-03      1.6033E+00      1.4709E+00      2.2458E+00      8.4410E-04      5.4782E+01      1.3030E+02      1.0000E+00
      8.0458E-04      1.1255E+00      1.0354E+00      1.2393E+00      6.4482E-04      8.2095E+01      1.0499E+02      1.0000E+00
      1.2444E-03      1.5431E+00      1.3753E+00      1.9935E+00      7.9972E-04      5.1135E+01      1.2471E+02      1.0000E+00
      1.6635E-03      1.6491E+00      1.5811E+00      2.2931E+00      8.6180E-04      5.3021E+01      1.3490E+02      1.0000E+00
      1.2772E-03      1.5244E+00      1.3786E+00      2.0024E+00      8.0203E-04      5.0524E+01      1.2283E+02      1.0000E+00
      7.9945E-04      1.0784E+00      1.0259E+00      1.1911E+00      6.8206E-04      8.4580E+01      1.0227E+02      1.0000E+00
      1.0046E-03      1.0034E+00      1.0000E+00      1.0066E+00      9.9841E-04      8.9730E+01      9.0432E+01      1.0000E+00
      9.9624E-04      1.0029E+00      1.0001E+00      1.0062E+00      9.9246E-04      8.9538E+01      9.0658E+01      1.0000E+00
      1.0090E-03      1.0037E+00      1.0001E+00      1.0117E+00      1.0022E-03      8.9425E+01      9.0430E+01      1.0000E+00
      9.9355E-04      1.0115E+00      1.0002E+00      1.0185E+00      9.8906E-04      8.9294E+01      9.0710E+01      1.0000E+00
      9.9713E-04      1.0052E+00      1.0001E+00      1.0109E+00      9.9392E-04      8.9667E+01      9.0494E+01      1.0000E+00
      9.9671E-04      1.0116E+00      1.0002E+00      1.0202E+00      9.9365E-04      8.9794E+01      9.0203E+01      1.0000E+00
      9.9119E-04      1.0033E+00      1.0001E+00      1.0060E+00      9.8878E-04      8.9227E+01      9.0893E+01      1.0000E+00
      9.8866E-04      1.0033E+00      1.0002E+00      1.0054E+00      9.8709E-04      8.8917E+01      9.1122E+01      1.0000E+00
      9.9271E-04      1.0061E+00      1.0002E+00      1.0109E+00      9.9020E-04      8.9188E+01      9.0895E+01      1.0000E+00
      9.9462E-04      1.0102E+00      1.0003E+00      1.0178E+00      9.9198E-04      8.9200E+01      9.0816E+01      1.0000E+00
      9.9027E-04      1.0057E+00      1.0003E+00      1.0097E+00      9.8845E-04      8.8778E+01      9.1248E+01      1.0000E+00
      9.9215E-04      1.0087E+00      1.0004E+00      1.0150E+00      9.9018E-04      8.8748E+01      9.1261E+01      1.0000E+00
      9.9355E-04      1.0399E+00      1.0032E+00      1.0683E+00      9.6716E-04      8.7409E+01      9.3498E+01      1.0000E+00
      1.0424E-03      1.0579E+00      1.0050E+00      1.0962E+00      1.0199E-03      8.7333E+01      9.2543E+01      1.0000E+00
      1.0028E-03      1.0231E+00      1.0008E+00      1.0405E+00      9.9422E-04      8.9407E+01      9.0749E+01      1.0000E+00
      1.0134E-03      1.0266E+00      1.0012E+00      1.0495E+00      1.0085E-03      8.9651E+01      9.0289E+01      1.0000E+00
      1.0407E-03      1.0590E+00      1.0058E+00      1.0981E+00      1.0101E-03      8.5982E+01      9.3463E+01      1.0000E+00
      9.7125E-04      1.0437E+00      1.0038E+00      1.0700E+00      9.3798E-04      8.6882E+01      9.4177E+01      1.0000E+00
      1.0107E-03      1.0280E+00      1.0014E+00      1.0512E+00      1.0046E-03      8.8937E+01      9.1144E+01      1.0000E+00
      9.9735E-04      1.0239E+00      1.0011E+00      1.0461E+00      9.8977E-04      8.9178E+01      9.1147E+01      1.0000E+00
      9.9765E-04      1.0143E+00      1.0004E+00      1.0260E+00      9.9455E-04      8.9241E+01      9.0721E+01      1.0000E+00
      1.0002E-03      1.0158E+00      1.0005E+00      1.0307E+00      9.9834E-04      8.9310E+01      9.0637E+01      1.0000E+00
      9.9424E-04      1.0113E+00      1.0004E+00      1.0204E+00      9.9239E-04      8.8833E+01      9.1162E+01      1.0000E+00
      9.9581E-04      1.0127E+00      1.0004E+00      1.0242E+00      9.9457E-04      8.9022E+01      9.0962E+01      1.0000E+00
      9.9984E-04      1.0160E+00      1.0006E+00      1.0322E+00      9.9864E-04      8.9370E+01      9.0688E+01      1.0000E+00
      9.9821E-04      1.0159E+00      1.0005E+00      1.0324E+00      9.9678E-04      8.9480E+01      9.0563E+01      1.0000E+00
      9.9627E-04      1.0131E+00      1.0004E+00      1.0259E+00      9.9572E-04      8.9226E+01      9.0747E+01      1.0000E+00
      9.9642E-04      1.0134E+00      1.0004E+00      1.0268E+00      9.9592E-04      8.9434E+01      9.0541E+01      1.0000E+00
      4.0694E-03      1.1770E+00      1.0455E+00      1.2876E+00      3.5461E-03      7.5482E+01      1.0417E+02      1.0000E+00
      4.2189E-03      1.1557E+00      1.0417E+00      1.2195E+00      3.7885E-03      7.5965E+01      1.0365E+02      1.0000E+00
      1.6862E-03      1.6638E+00      1.5596E+00      2.3177E+00      8.8030E-04      5.3073E+01      1.3413E+02      1.0000E+00
      8.0386E-04      1.0765E+00      1.0278E+00      1.1825E+00      6.8917E-04      8.3911E+01      1.0280E+02      1.0000E+00
      1.3055E-03      1.5374E+00      1.3793E+00      2.0264E+00      8.1435E-04      5.0645E+01      1.2307E+02      1.0000E+00
      1.7487E-03      1.6468E+00      1.5673E+00      2.3142E+00      8.9140E-04      5.3995E+01      1.3453E+02      1.0000E+00
      1.3222E-03      1.5261E+00      1.3653E+00      2.0000E+00      8.2886E-04      5.0839E+01      1.2241E+02      1.0000E+00
      8.2736E-04      1.0816E+00      1.0288E+00      1.1895E+00      7.0571E-04      8.3532E+01      1.0307E+02      1.0000E+00
      4.4208E-03      1.2018E+00      1.0513E+00      1.2973E+00      3.8234E-03      7.6113E+01      1.0443E+02      1.0000E+00
      4.6021E-03      1.1784E+00      1.0492E+00      1.2287E+00      4.0870E-03      7.5934E+01      1.0492E+02      1.0000E+00
      1.7727E-03      1.6434E+00      1.5690E+00      2.3234E+00      9.1779E-04      5.3592E+01      1.3406E+02      1.0000E+00
      8.3383E-04      1.0767E+00      1.0236E+00      1.1765E+00      7.1712E-04      8.4551E+01      1.0193E+02      1.0000E+00
      1.3622E-03      1.5621E+00      1.3972E+00      2.0442E+00      8.4362E-04      4.9592E+01      1.2401E+02      1.0000E+00
      1.8368E-03      1.6349E+00      1.5660E+00      2.3329E+00      9.2754E-04      5.4685E+01      1.3418E+02      1.0000E+00
      1.3784E-03      1.5494E+00      1.3740E+00      2.0145E+00      8.5853E-04      5.0083E+01      1.2311E+02      1.0000E+00
      8.5749E-04      1.0874E+00      1.0265E+00      1.1869E+00      7.3318E-04      8.3720E+01      1.0272E+02      1.0000E+00
      9.7538E-04      1.0471E+00      1.0037E+00      1.0752E+00      9.3907E-04      8.7356E+01      9.3736E+01      1.0000E+00
      1.0554E-03      1.0606E+00      1.0053E+00      1.1022E+00      1.0207E-03      8.6454E+01      9.2782E+01      1.0000E+00
      1.0001E-03      1.0254E+00      1.0011E+00      1.0473E+00      9.9155E-04      8.9598E+01      9.0589E+01      1.0000E+00
      1.0181E-03      1.0291E+00      1.0013E+00      1.0527E+00      1.0110E-03      8.9359E+01      9.0559E+01      1.0000E+00
      1.0628E-03      1.0569E+00      1.0049E+00      1.0999E+00      1.0308E-03      8.6498E+01      9.2614E+01      1.0000E+00
      9.9470E-04      1.0448E+00      1.0035E+00      1.0729E+00      9.6382E-04      8.7428E+01      9.3438E+01      1.0000E+00
      1.0225E-03      1.0268E+00      1.0013E+00      1.0513E+00      1.0177E-03      8.9409E+01      9.0467E+01      1.0000E+00
      1.0131E-03      1.0242E+00      1.0011E+00      1.0466E+00      1.0083E-03      8.9666E+01      9.0499E+01      1.0000E+00
      9.9979E-04      1.0170E+00      1.0005E+00      1.0335E+00      9.9764E-04      8.9654E+01      9.0251E+01      1.0000E+00
      1.0043E-03      1.0178E+00      1.0006E+00      1.0342E+00      1.0026E-03      8.9824E+01      9.0157E+01      1.0000E+00
      9.9764E-04      1.0141E+00      1.0004E+00      1.0278E+00      9.9678E-04      8.9627E+01      9.0350E+01      1.0000E+00
      9.9999E-04      1.0146E+00      1.0004E+00      1.0284E+00      9.9910E-04      8.9787E+01      9.0204E+01      1.0000E+00
      1.0073E-03      1.0169E+00      1.0005E+00      1.0335E+00      1.0070E-03      8.9911E+01      9.0091E+01      1.0000E+00
      1.0088E-03      1.0172E+00      1.0006E+00      1.0342E+00      1.0079E-03      8.9950E+01      9.0046E+01      1.0000E+00
      1.0024E-03      1.0147E+00      1.0004E+00      1.0288E+00      1.0017E-03      8.9890E+01      9.0107E+01      1.0000E+00
      1.0048E-03      1.0150E+00      1.0004E+00      1.0294E+00      1.0040E-03      8.9946E+01      9.0049E+01      1.0000E+00
      1.0021E-03      1.0536E+00      1.0050E+00      1.0835E+00      9.6480E-04      8.6585E+01      9.4307E+01      1.0000E+00
      1.0870E-03      1.0682E+00      1.0068E+00      1.1177E+00      1.0487E-03      8.5933E+01      9.3167E+01      1.0000E+00
      1.0186E-03      1.0293E+00      1.0014E+00      1.0529E+00      1.0098E-03      8.9170E+01      9.0994E+01      1.0000E+00
      1.0391E-03      1.0331E+00      1.0018E+00      1.0609E+00      1.0306E-03      8.9077E+01      9.0770E+01      1.0000E+00
      1.0950E-03      1.0642E+00      1.0060E+00      1.1144E+00      1.0606E-03      8.6418E+01      9.2648E+01      1.0000E+00
      1.0239E-03      1.0510E+00      1.0045E+00      1.0831E+00      9.9076E-04      8.7052E+01      9.3790E+01      1.0000E+00
      1.0450E-03      1.0302E+00      1.0016E+00      1.0580E+00      1.0394E-03      8.9365E+01      9.0468E+01      1.0000E+00
      1.0360E-03      1.0265E+00      1.0013E+00      1.0502E+00      1.0302E-03      8.9405E+01      9.0746E+01      1.0000E+00
      1.0128E-03      1.0192E+00      1.0007E+00      1.0367E+00      1.0105E-03      8.9774E+01      9.0258E+01      1.0000E+00
      1.0193E-03      1.0197E+00      1.0007E+00      1.0378E+00      1.0172E-03      8.9772E+01      9.0205E+01      1.0000E+00
      1.0081E-03      1.0156E+00      1.0004E+00      1.0302E+00      1.0070E-03      8.9894E+01      9.0110E+01      1.0000E+00
      1.0123E-03      1.0155E+00      1.0004E+00      1.0301E+00      1.0113E-03      8.9894E+01      9.0102E+01      1.0000E+00
      1.0241E-03      1.0175E+00      1.0006E+00      1.0352E+00      1.0237E-03      8.9953E+01      9.0060E+01      1.0000E+00
      1.0269E-03      1.0161E+00      1.0005E+00      1.0323E+00      1.0263E-03      8.9887E+01      9.0141E+01      1.0000E+00
      1.0165E-03      1.0143E+00      1.0004E+00      1.0282E+00      1.0160E-03      8.9960E+01      9.0036E+01      1.0000E+00
      1.0204E-03      1.0123E+00      1.0003E+00      1.0247E+00      1.0203E-03      8.9987E+01      9.0012E+01      1.0000E+00
      2.2358E-03      1.4344E+00      1.3018E+00      2.0460E+00      1.2941E-03      6.5063E+01      1.2331E+02      1.0000E+00
      2.3781E-03      1.4560E+00      1.3398E+00      2.0855E+00      1.4057E-03      6.1806E+01      1.2411E+02      1.0000E+00
      5.7253E-03      1.1139E+00      1.0264E+00      1.2447E+00      5.2704E-03      8.1831E+01      9.3863E+01      1.0000E+00
      4.9310E-03      1.2064E+00      1.0556E+00      1.2837E+00      4.3127E-03      7.7692E+01      1.0419E+02      1.0000E+00
      5.0352E-03      1.0792E+00      1.0133E+00      1.1767E+00      4.9196E-03      8.8865E+01      9.1652E+01      1.0000E+00
      4.9024E-03      1.0855E+00      1.0134E+00      1.1777E+00      4.7911E-03      8.9003E+01      9.1556E+01      1.0000E+00
      5.1235E-03      1.2107E+00      1.0554E+00      1.2823E+00      4.5017E-03      7.6614E+01      1.0390E+02      1.0000E+00
      6.3490E-03      1.0820E+00      1.0337E+00      1.2570E+00      5.4968E-03      7.9925E+01      9.6878E+01      1.0000E+00
      4.8905E-03      1.0668E+00      1.0103E+00      1.1540E+00      4.7963E-03      8.8851E+01      9.1252E+01      1.0000E+00
      4.7432E-03      1.0814E+00      1.0130E+00      1.1747E+00      4.4206E-03      8.6017E+01      9.3768E+01      1.0000E+00
      5.8561E-03      1.3586E+00      1.2618E+00      1.9013E+00      3.7095E-03      6.5799E+01      1.2020E+02      1.0000E+00
      3.6170E-03      1.1747E+00      1.0557E+00      1.3196E+00      2.9591E-03      8.0723E+01      1.0784E+02      1.0000E+00
      6.2332E-03      1.5988E+00      1.4154E+00      2.0290E+00      3.5265E-03      5.5989E+01      1.3196E+02      1.0000E+00
      4.6763E-03      1.1958E+00      1.0520E+00      1.2572E+00      4.0927E-03      7.6350E+01      1.0466E+02      1.0000E+00
      4.5950E-03      1.2085E+00      1.0604E+00      1.2681E+00      3.9742E-03      7.5154E+01      1.0638E+02      1.0000E+00
      1.8480E-03      1.6297E+00      1.5635E+00      2.3319E+00      9.4280E-04      5.4574E+01      1.3383E+02      1.0000E+00
      8.6155E-04      1.0846E+00      1.0254E+00      1.1792E+00      7.3905E-04      8.3966E+01      1.0252E+02      1.0000E+00
      1.4058E-03      1.5646E+00      1.3849E+00      2.0376E+00      8.6985E-04      4.9733E+01      1.2366E+02      1.0000E+00
      1.8452E-03      1.6068E+00      1.5723E+00      2.3456E+00      9.2932E-04      5.5412E+01      1.3363E+02      1.0000E+00
      1.3934E-03      1.5790E+00      1.4184E+00      2.0381E+00      8.7152E-04      4.8777E+01      1.2560E+02      1.0000E+00
      8.5817E-04      1.1035E+00      1.0183E+00      1.1983E+00      7.3010E-04      8.3561E+01      1.0076E+02      1.0000E+00
      4.3815E-03      1.1608E+00      1.0372E+00      1.2398E+00      3.8390E-03      8.0562E+01      1.0277E+02      1.0000E+00
      4.7990E-03      1.1054E+00      1.0178E+00      1.2066E+00      4.2262E-03      8.1503E+01      9.5289E+01      1.0000E+00
      4.2509E-03      1.0951E+00      1.0228E+00      1.1774E+00      3.7679E-03      8.1605E+01      1.0175E+02      1.0000E+00
      1.8302E-03      1.5084E+00      1.3779E+00      2.1627E+00      1.0340E-03      6.0369E+01      1.2648E+02      1.0000E+00
      9.0180E-04      1.0801E+00      1.0303E+00      1.1313E+00      8.1754E-04      8.1009E+01      1.0378E+02      1.0000E+00
      1.7982E-03      1.5922E+00      1.4190E+00      2.1559E+00      1.0258E-03      5.5961E+01      1.2974E+02      1.0000E+00
      1.0304E-03      1.0543E+00      1.0048E+00      1.0876E+00      9.9288E-04      8.7127E+01      9.3815E+01      1.0000E+00
      1.1160E-03      1.0663E+00      1.0058E+00      1.1130E+00      1.0810E-03      8.6964E+01      9.2399E+01      1.0000E+00
      1.0425E-03      1.0269E+00      1.0012E+00      1.0496E+00      1.0344E-03      8.9641E+01      9.0553E+01      1.0000E+00
      1.0653E-03      1.0269E+00      1.0012E+00      1.0487E+00      1.0592E-03      8.9469E+01      9.0558E+01      1.0000E+00
      1.1213E-03      1.0644E+00      1.0081E+00      1.1005E+00      1.0927E-03      8.5080E+01      9.4955E+01      1.0000E+00
      1.0322E-03      1.0563E+00      1.0137E+00      1.0986E+00      9.6569E-04      8.4041E+01      9.9279E+01      1.0000E+00
      1.0811E-03      1.0195E+00      1.0010E+00      1.0364E+00      1.0720E-03      8.8382E+01      9.1984E+01      1.0000E+00
      1.0980E-03      1.0251E+00      1.0033E+00      1.0446E+00      1.0707E-03      8.5797E+01      9.4540E+01      1.0000E+00
      1.0324E-03      1.0144E+00      1.0004E+00      1.0282E+00      1.0314E-03      8.9832E+01      9.0148E+01      1.0000E+00
      1.0406E-03      1.0106E+00      1.0002E+00      1.0221E+00      1.0395E-03      8.9721E+01      9.0295E+01      1.0000E+00
      1.0249E-03      1.0101E+00      1.0002E+00      1.0200E+00      1.0246E-03      8.9954E+01      9.0034E+01      1.0000E+00
      1.0289E-03      1.0077E+00      1.0001E+00      1.0149E+00      1.0269E-03      8.9840E+01      9.0073E+01      1.0000E+00
      1.0529E-03      1.0047E+00      1.0001E+00      1.0138E+00      1.0451E-03      8.9344E+01      9.0489E+01      1.0000E+00
      1.0802E-03      1.0329E+00      1.0017E+00      1.0513E+00      1.0493E-03      8.7386E+01      9.2199E+01      1.0000E+00
      1.0274E-03      1.0060E+00      1.0001E+00      1.0137E+00      1.0180E-03      8.9626E+01      9.0673E+01      1.0000E+00
      9.9628E-04      1.0232E+00      1.0022E+00      1.0524E+00      9.5933E-04      8.7696E+01      9.3604E+01      1.0000E+00
      4.2616E-03      1.1161E+00      1.0376E+00      1.1963E+00      3.8340E-03      7.6321E+01      1.0474E+02      1.0000E+00
      3.9645E-03      1.1557E+00      1.0406E+00      1.3327E+00      3.3628E-03      7.6470E+01      1.0237E+02      1.0000E+00
      8.4157E-04      1.0992E+00      1.0251E+00      1.2433E+00      7.1482E-04      8.4024E+01      1.0109E+02      1.0000E+00
      1.7600E-03      1.6838E+00      1.6090E+00      2.3023E+00      8.8542E-04      5.2370E+01      1.3651E+02      1.0000E+00
      1.3284E-03      1.4865E+00      1.3812E+00      1.9971E+00      8.4430E-04      5.1904E+01      1.2240E+02      1.0000E+00
      1.3242E-03      1.4857E+00      1.3666E+00      2.0162E+00      8.2767E-04      5.2304E+01      1.2101E+02      1.0000E+00
      8.1375E-04      1.1035E+00      1.0313E+00      1.2380E+00      6.9637E-04      8.4504E+01      1.0275E+02      1.0000E+00
      1.6823E-03      1.7138E+00      1.6081E+00      2.3041E+00      8.7951E-04      5.0630E+01      1.3625E+02      1.0000E+00
      3.4612E-03      1.1471E+00      1.0413E+00      1.3130E+00      2.8410E-03      8.4215E+01      1.0474E+02      1.0000E+00
      6.6457E-03      1.7060E+00      1.5530E+00      2.2399E+00      3.6081E-03      5.0989E+01      1.3510E+02      1.0000E+00
      5.3036E-03      1.4535E+00      1.3385E+00      1.9667E+00      3.3938E-03      5.3904E+01      1.2015E+02      1.0000E+00
      5.1988E-03      1.4757E+00      1.3580E+00      1.9784E+00      3.2965E-03      5.2343E+01      1.2103E+02      1.0000E+00
      3.2453E-03      1.0957E+00      1.0292E+00      1.2242E+00      2.7796E-03      8.4550E+01      1.0247E+02      1.0000E+00
      6.6373E-03      1.7159E+00      1.6129E+00      2.3049E+00      3.4464E-03      5.0661E+01      1.3650E+02      1.0000E+00
      9.8821E-04      1.0031E+00      1.0003E+00      1.0049E+00      9.8674E-04      8.8625E+01      9.1339E+01      1.0000E+00
      9.8982E-04      1.0027E+00      1.0004E+00      1.0046E+00      9.8769E-04      8.8330E+01      9.1554E+01      1.0000E+00
      9.8964E-04      1.0055E+00      1.0004E+00      1.0091E+00      9.8793E-04      8.8395E+01      9.1582E+01      1.0000E+00
      9.9134E-04      1.0084E+00      1.0005E+00      1.0142E+00      9.8948E-04      8.8314E+01      9.1681E+01      1.0000E+00
      9.9077E-04      1.0054E+00      1.0006E+00      1.0089E+00      9.8859E-04      8.8002E+01      9.1920E+01      1.0000E+00
      9.9210E-04      1.0093E+00      1.0008E+00      1.0153E+00      9.8980E-04      8.7831E+01      9.2161E+01      1.0000E+00
      9.9395E-04      1.0024E+00      1.0006E+00      1.0041E+00      9.9062E-04      8.7990E+01      9.1858E+01      1.0000E+00
      1.0016E-03      1.0047E+00      1.0009E+00      1.0077E+00      9.9600E-04      8.7561E+01      9.2137E+01      1.0000E+00
      9.9391E-04      1.0043E+00      1.0009E+00      1.0078E+00      9.9124E-04      8.7584E+01      9.2309E+01      1.0000E+00
      9.9250E-04      1.0103E+00      1.0013E+00      1.0159E+00      9.8983E-04      8.7244E+01      9.2770E+01      1.0000E+00
      1.0048E-03      1.0056E+00      1.0014E+00      1.0109E+00      9.9872E-04      8.6969E+01      9.2957E+01      1.0000E+00
      9.8807E-04      1.0115E+00      1.0018E+00      1.0154E+00      9.8295E-04      8.6690E+01      9.3300E+01      1.0000E+00
      9.9327E-04      1.0109E+00      1.0006E+00      1.0194E+00      9.9144E-04      8.8423E+01      9.1587E+01      1.0000E+00
      9.9476E-04      1.0123E+00      1.0005E+00      1.0232E+00      9.9349E-04      8.8729E+01      9.1294E+01      1.0000E+00
      9.9466E-04      1.0132E+00      1.0009E+00      1.0230E+00      9.9170E-04      8.7937E+01      9.2109E+01      1.0000E+00
      9.9696E-04      1.0146E+00      1.0007E+00      1.0276E+00      9.9509E-04      8.8427E+01      9.1635E+01      1.0000E+00
      9.9525E-04      1.0127E+00      1.0004E+00      1.0251E+00      9.9460E-04      8.9081E+01      9.0953E+01      1.0000E+00
      9.9549E-04      1.0131E+00      1.0004E+00      1.0262E+00      9.9486E-04      8.9362E+01      9.0670E+01      1.0000E+00
      9.9662E-04      1.0147E+00      1.0006E+00      1.0294E+00      9.9544E-04      8.8899E+01      9.1054E+01      1.0000E+00
      9.9528E-04      1.0145E+00      1.0005E+00      1.0298E+00      9.9397E-04      8.9235E+01      9.0745E+01      1.0000E+00
      9.9771E-04      1.0214E+00      1.0020E+00      1.0350E+00      9.8943E-04      8.6976E+01      9.3193E+01      1.0000E+00
      1.0078E-03      1.0245E+00      1.0017E+00      1.0441E+00      1.0030E-03      8.7782E+01      9.2290E+01      1.0000E+00
      9.8679E-04      1.0377E+00      1.0055E+00      1.0595E+00      9.6099E-04      8.5099E+01      9.5832E+01      1.0000E+00
      1.0343E-03      1.0549E+00      1.0065E+00      1.0881E+00      1.0126E-03      8.5388E+01      9.4507E+01      1.0000E+00
      1.0051E-03      1.0256E+00      1.0012E+00      1.0467E+00      9.9902E-04      8.8791E+01      9.1117E+01      1.0000E+00
      9.9221E-04      1.0215E+00      1.0009E+00      1.0417E+00      9.8486E-04      8.9104E+01      9.0557E+01      1.0000E+00
      1.0323E-03      1.0550E+00      1.0038E+00      1.0908E+00      1.0023E-03      8.7629E+01      9.1825E+01      1.0000E+00
      9.6401E-04      1.0400E+00      1.0025E+00      1.0648E+00      9.3127E-04      8.8112E+01      9.2965E+01      1.0000E+00
      1.0080E-03      1.0050E+00      1.0012E+00      1.0116E+00      1.0014E-03      8.7182E+01      9.2724E+01      1.0000E+00
      9.9518E-04      1.0102E+00      1.0014E+00      1.0139E+00      9.8944E-04      8.7044E+01      9.3050E+01      1.0000E+00
      1.0351E-03      1.0131E+00      1.0028E+00      1.0222E+00      1.0154E-03      8.5683E+01      9.3283E+01      1.0000E+00
      1.0386E-03      1.0439E+00      1.0078E+00      1.0735E+00      9.8348E-04      8.4778E+01      9.7091E+01      1.0000E+00
      1.0423E-03      1.0520E+00      1.0083E+00      1.0779E+00      9.8368E-04      8.4593E+01      9.7371E+01      1.0000E+00
      1.2637E-03      1.0656E+00      1.0126E+00      1.1252E+00      1.1377E-03      8.1004E+01      9.3534E+01      1.0000E+00
      9.9885E-04      1.0327E+00      1.0048E+00      1.0485E+00      9.7582E-04      8.5180E+01      9.5514E+01      1.0000E+00
      1.0510E-03      1.0453E+00      1.0056E+00      1.0722E+00      1.0278E-03      8.5009E+01      9.4612E+01      1.0000E+00
      8.0433E-04      1.1176E+00      1.0249E+00      1.2493E+00      6.4456E-04      7.9593E+01      1.0248E+02      1.0000E+00
      1.5006E-03      1.6396E+00      1.5640E+00      2.2638E+00      8.2762E-04      5.1787E+01      1.3352E+02      1.0000E+00
      1.2470E-03      1.5029E+00      1.3915E+00      1.9727E+00      8.0433E-04      5.1027E+01      1.2399E+02      1.0000E+00
      3.9939E-03      1.1620E+00      1.1434E+00      1.2399E+00      3.0007E-03      7.4338E+01      1.1898E+02      1.0000E+00
      3.9805E-03      1.1466E+00      1.0359E+00      1.2468E+00      3.5274E-03      7.6835E+01      1.0356E+02      1.0000E+00
      7.9866E-04      1.1265E+00      1.0254E+00      1.2484E+00      6.3987E-04      7.9788E+01      1.0274E+02      1.0000E+00
      1.2325E-03      1.5419E+00      1.4045E+00      1.9947E+00      7.9338E-04      5.0251E+01      1.2560E+02      1.0000E+00
      1.4917E-03      1.5978E+00      1.5146E+00      2.2407E+00      8.3000E-04      5.3847E+01      1.3166E+02      1.0000E+00
      1.2650E-03      1.5107E+00      1.3520E+00      1.9953E+00      7.9448E-04      5.1721E+01      1.2160E+02      1.0000E+00
      7.9165E-04      1.0823E+00      1.0306E+00      1.1953E+00      6.7597E-04      8.3601E+01      1.0331E+02      1.0000E+00
      1.6425E-03      1.6676E+00      1.5737E+00      2.2996E+00      8.4463E-04      5.3007E+01      1.3509E+02      1.0000E+00
      9.9685E-04      1.0139E+00      1.0004E+00      1.0272E+00      9.9583E-04      8.9564E+01      9.0468E+01      1.0000E+00
      9.9935E-04      1.0144E+00      1.0004E+00      1.0281E+00      9.9829E-04      8.9730E+01      9.0287E+01      1.0000E+00
      9.9727E-04      1.0162E+00      1.0005E+00      1.0317E+00      9.9479E-04      8.9452E+01      9.0654E+01      1.0000E+00
      1.0022E-03      1.0172E+00      1.0005E+00      1.0329E+00      1.0002E-03      8.9602E+01      9.0428E+01      1.0000E+00
      1.0019E-03      1.0146E+00      1.0004E+00      1.0286E+00      1.0011E-03      8.9869E+01      9.0143E+01      1.0000E+00
      1.0044E-03      1.0150E+00      1.0004E+00      1.0293E+00      1.0035E-03      8.9931E+01      9.0083E+01      1.0000E+00
      1.0057E-03      1.0166E+00      1.0005E+00      1.0327E+00      1.0051E-03      8.9878E+01      9.0130E+01      1.0000E+00
      1.0076E-03      1.0171E+00      1.0006E+00      1.0339E+00      1.0065E-03      8.9956E+01      9.0091E+01      1.0000E+00
      9.9552E-04      1.0239E+00      1.0011E+00      1.0438E+00      9.8655E-04      8.8937E+01      9.1353E+01      1.0000E+00
      1.0142E-03      1.0280E+00      1.0013E+00      1.0499E+00      1.0069E-03      8.8959E+01      9.0974E+01      1.0000E+00
      9.6872E-04      1.0446E+00      1.0040E+00      1.0689E+00      9.3208E-04      8.6634E+01      9.4486E+01      1.0000E+00
      1.0489E-03      1.0586E+00      1.0053E+00      1.0973E+00      1.0142E-03      8.6065E+01      9.3187E+01      1.0000E+00
      1.0195E-03      1.0253E+00      1.0011E+00      1.0485E+00      1.0152E-03      8.9605E+01      9.0283E+01      1.0000E+00
      1.0109E-03      1.0231E+00      1.0010E+00      1.0450E+00      1.0064E-03      8.9720E+01      9.0458E+01      1.0000E+00
      1.0576E-03      1.0541E+00      1.0043E+00      1.0951E+00      1.0265E-03      8.6734E+01      9.2383E+01      1.0000E+00
      9.9127E-04      1.0429E+00      1.0032E+00      1.0700E+00      9.6113E-04      8.7525E+01      9.3350E+01      1.0000E+00
      1.0079E-03      1.0156E+00      1.0004E+00      1.0302E+00      1.0066E-03      8.9928E+01      9.0078E+01      1.0000E+00
      1.0122E-03      1.0156E+00      1.0004E+00      1.0302E+00      1.0111E-03      8.9913E+01      9.0083E+01      1.0000E+00
      1.0120E-03      1.0192E+00      1.0007E+00      1.0367E+00      1.0095E-03      8.9819E+01      9.0222E+01      1.0000E+00
      1.0188E-03      1.0198E+00      1.0007E+00      1.0378E+00      1.0167E-03      8.9857E+01      9.0129E+01      1.0000E+00
      1.0164E-03      1.0143E+00      1.0004E+00      1.0282E+00      1.0160E-03      8.9910E+01      9.0087E+01      1.0000E+00
      1.0203E-03      1.0124E+00      1.0003E+00      1.0248E+00      1.0202E-03      8.9907E+01      9.0089E+01      1.0000E+00
      1.0238E-03      1.0177E+00      1.0006E+00      1.0353E+00      1.0235E-03      8.9858E+01      9.0160E+01      1.0000E+00
      1.0268E-03      1.0162E+00      1.0005E+00      1.0325E+00      1.0262E-03      8.9782E+01      9.0240E+01      1.0000E+00
      1.0171E-03      1.0293E+00      1.0014E+00      1.0527E+00      1.0079E-03      8.9225E+01      9.0952E+01      1.0000E+00
      1.0381E-03      1.0332E+00      1.0017E+00      1.0608E+00      1.0295E-03      8.9183E+01      9.0674E+01      1.0000E+00
      9.9965E-04      1.0534E+00      1.0049E+00      1.0831E+00      9.6181E-04      8.6649E+01      9.4265E+01      1.0000E+00
      1.0850E-03      1.0681E+00      1.0066E+00      1.1172E+00      1.0468E-03      8.6071E+01      9.3047E+01      1.0000E+00
      1.0444E-03      1.0301E+00      1.0016E+00      1.0579E+00      1.0390E-03      8.9244E+01      9.0596E+01      1.0000E+00
      1.0357E-03      1.0265E+00      1.0013E+00      1.0503E+00      1.0300E-03      8.9279E+01      9.0877E+01      1.0000E+00
      1.0938E-03      1.0638E+00      1.0061E+00      1.1138E+00      1.0598E-03      8.6270E+01      9.2796E+01      1.0000E+00
      1.0234E-03      1.0508E+00      1.0046E+00      1.0828E+00      9.9050E-04      8.6899E+01      9.3942E+01      1.0000E+00
      4.0486E-03      1.1749E+00      1.0426E+00      1.2876E+00      3.5268E-03      7.6141E+01      1.0348E+02      1.0000E+00
      4.2004E-03      1.1543E+00      1.0420E+00      1.2177E+00      3.7741E-03      7.5796E+01      1.0379E+02      1.0000E+00
      7.9644E-04      1.0809E+00      1.0247E+00      1.1922E+00      6.8406E-04      8.4848E+01      1.0192E+02      1.0000E+00
      1.2945E-03      1.5334E+00      1.3856E+00      2.0287E+00      8.0753E-04      5.0583E+01      1.2313E+02      1.0000E+00
      1.6659E-03      1.6701E+00      1.5832E+00      2.3140E+00      8.6532E-04      5.2437E+01      1.3495E+02      1.0000E+00
      1.3132E-03      1.5184E+00      1.3584E+00      1.9935E+00      8.2477E-04      5.1189E+01      1.2203E+02      1.0000E+00
      8.2344E-04      1.0802E+00      1.0292E+00      1.1897E+00      7.0205E-04      8.3517E+01      1.0313E+02      1.0000E+00
      1.7367E-03      1.6528E+00      1.5730E+00      2.3155E+00      8.8062E-04      5.3855E+01      1.3485E+02      1.0000E+00
      4.4083E-03      1.2021E+00      1.0515E+00      1.2984E+00      3.8121E-03      7.6063E+01      1.0445E+02      1.0000E+00
      4.5939E-03      1.1778E+00      1.0485E+00      1.2278E+00      4.0815E-03      7.6117E+01      1.0474E+02      1.0000E+00
      8.3070E-04      1.0747E+00      1.0237E+00      1.1743E+00      7.1521E-04      8.4569E+01      1.0192E+02      1.0000E+00
      1.3585E-03      1.5613E+00      1.3953E+00      2.0449E+00      8.4115E-04      4.9691E+01      1.2393E+02      1.0000E+00
      1.7642E-03      1.6467E+00      1.5702E+00      2.3236E+00      9.1315E-04      5.3482E+01      1.3415E+02      1.0000E+00
      1.3761E-03      1.5487E+00      1.3757E+00      2.0133E+00      8.5769E-04      5.0024E+01      1.2316E+02      1.0000E+00
      8.5674E-04      1.0873E+00      1.0258E+00      1.1876E+00      7.3241E-04      8.3908E+01      1.0254E+02      1.0000E+00
      1.8337E-03      1.6336E+00      1.5702E+00      2.3308E+00      9.2520E-04      5.4623E+01      1.3430E+02      1.0000E+00
      1.0540E-03      1.0427E+00      1.0024E+00      1.0668E+00      1.0209E-03      8.8532E+01      9.2200E+01      1.0000E+00
      9.9327E-04      1.0221E+00      1.0011E+00      1.0518E+00      9.6055E-04      8.7751E+01      9.1512E+01      1.0000E+00
      1.2761E-03      1.4684E+00      1.3222E+00      1.9780E+00      8.0543E-04      5.3892E+01      1.1937E+02      1.0000E+00
      8.1323E-04      1.1073E+00      1.0413E+00      1.2465E+00      7.0011E-04      8.2280E+01      1.0438E+02      1.0000E+00
      1.6511E-03      1.7450E+00      1.5716E+00      2.2798E+00      8.6204E-04      5.0912E+01      1.3625E+02      1.0000E+00
      1.0091E-03      1.0201E+00      1.0055E+00      1.0569E+00      9.7728E-04      8.5329E+01      9.5410E+01      1.0000E+00
      1.1024E-03      1.0269E+00      1.0052E+00      1.0582E+00      1.0612E-03      8.4181E+01      9.4144E+01      1.0000E+00
      8.2519E-04      1.1206E+00      1.0307E+00      1.2783E+00      7.0848E-04      8.4295E+01      1.0032E+02      1.0000E+00
      1.7098E-03      1.7680E+00      1.7095E+00      2.3268E+00      8.8599E-04      4.7588E+01      1.3892E+02      1.0000E+00
      1.3676E-03      1.4569E+00      1.4002E+00      2.0257E+00      8.5335E-04      5.2089E+01      1.2077E+02      1.0000E+00
      3.9739E-03      1.1096E+00      1.0472E+00      1.2717E+00      3.4691E-03      7.6869E+01      1.0392E+02      1.0000E+00
      3.9574E-03      1.0291E+00      1.0021E+00      1.0641E+00      3.9210E-03      8.8690E+01      9.1525E+01      1.0000E+00
      3.9915E-03      1.1002E+00      1.0375E+00      1.2659E+00      3.4690E-03      7.7787E+01      1.0040E+02      1.0000E+00
      3.7809E-03      1.0346E+00      1.0036E+00      1.0784E+00      3.7003E-03      8.7111E+01      9.2170E+01      1.0000E+00
      1.1181E-03      1.0433E+00      1.0036E+00      1.0819E+00      1.0597E-03      8.8183E+01      9.4485E+01      1.0000E+00
      9.9462E-04      1.0445E+00      1.0073E+00      1.1248E+00      9.2975E-04      8.7181E+01      9.4822E+01      1.0000E+00
      1.4627E-03      1.3854E+00      1.2714E+00      1.9010E+00      9.2393E-04      5.6649E+01      1.1352E+02      1.0000E+00
      1.0631E-03      1.1826E+00      1.1036E+00      1.4155E+00      8.7804E-04      6.8357E+01      1.0597E+02      1.0000E+00
      2.2078E-03      1.5870E+00      1.6108E+00      1.8350E+00      1.1347E-03      5.3674E+01      1.4051E+02      1.0000E+00
      8.2089E-04      1.0543E+00      1.0097E+00      1.1421E+00      7.6241E-04      8.5048E+01      9.3028E+01      1.0000E+00
      7.6467E-04      1.3172E+00      1.2099E+00      1.7821E+00      5.1529E-04      6.7310E+01      1.1748E+02      1.0000E+00
      3.8805E-03      1.1269E+00      1.0703E+00      1.3417E+00      3.1925E-03      7.2213E+01      1.0284E+02      1.0000E+00
      3.4716E-03      1.0493E+00      1.0093E+00      1.1237E+00      3.3185E-03      8.4839E+01      9.4011E+01      1.0000E+00
      3.9540E-03      1.0505E+00      1.0052E+00      1.1030E+00      3.8668E-03      8.8340E+01      9.2911E+01      1.0000E+00
      4.1665E-03      1.0823E+00      1.0114E+00      1.1425E+00      4.0118E-03      8.6000E+01      9.4964E+01      1.0000E+00
      3.6662E-03      1.0404E+00      1.0068E+00      1.1046E+00      3.5682E-03      8.6585E+01      9.3674E+01      1.0000E+00
      3.7738E-03      1.0671E+00      1.0121E+00      1.1492E+00      3.5563E-03      8.5888E+01      9.6778E+01      1.0000E+00
      4.5865E-03      1.1000E+00      1.0144E+00      1.1733E+00      4.4143E-03      8.4906E+01      9.4484E+01      1.0000E+00
      4.9617E-03      1.0873E+00      1.0146E+00      1.1832E+00      4.7964E-03      8.6680E+01      9.1554E+01      1.0000E+00
      4.8540E-03      1.2323E+00      1.0746E+00      1.3165E+00      4.2057E-03      7.2227E+01      1.0715E+02      1.0000E+00
      5.7936E-03      1.1163E+00      1.0276E+00      1.2593E+00      5.2501E-03      8.2713E+01      9.3286E+01      1.0000E+00
      3.2855E-03      1.0552E+00      1.0089E+00      1.1299E+00      3.1415E-03      8.5379E+01      9.3063E+01      1.0000E+00
      3.0658E-03      1.0634E+00      1.0144E+00      1.1655E+00      2.8119E-03      8.2965E+01      9.4170E+01      1.0000E+00
      2.6621E-03      1.3592E+00      1.2102E+00      1.8544E+00      1.6423E-03      6.9857E+01      1.1935E+02      1.0000E+00
      1.0249E-03      1.0101E+00      1.0002E+00      1.0200E+00      1.0246E-03      8.9892E+01      9.0100E+01      1.0000E+00
      1.0289E-03      1.0077E+00      1.0001E+00      1.0150E+00      1.0269E-03      8.9796E+01      9.0122E+01      1.0000E+00
      1.0324E-03      1.0146E+00      1.0004E+00      1.0286E+00      1.0313E-03      8.9739E+01      9.0236E+01      1.0000E+00
      1.0406E-03      1.0108E+00      1.0003E+00      1.0223E+00      1.0395E-03      8.9653E+01      9.0365E+01      1.0000E+00
      1.0274E-03      1.0060E+00      1.0001E+00      1.0138E+00      1.0180E-03      8.9603E+01      9.0642E+01      1.0000E+00
      9.9628E-04      1.0231E+00      1.0022E+00      1.0523E+00      9.5940E-04      8.7714E+01      9.3585E+01      1.0000E+00
      1.0529E-03      1.0049E+00      1.0001E+00      1.0141E+00      1.0452E-03      8.9294E+01      9.0539E+01      1.0000E+00
      1.0802E-03      1.0327E+00      1.0016E+00      1.0512E+00      1.0493E-03      8.7423E+01      9.2162E+01      1.0000E+00
      1.0424E-03      1.0271E+00      1.0012E+00      1.0502E+00      1.0341E-03      8.9507E+01      9.0434E+01      1.0000E+00
      1.0653E-03      1.0272E+00      1.0012E+00      1.0491E+00      1.0592E-03      8.9352E+01      9.0670E+01      1.0000E+00
      1.0301E-03      1.0546E+00      1.0047E+00      1.0885E+00      9.9249E-04      8.7291E+01      9.3657E+01      1.0000E+00
      1.1158E-03      1.0665E+00      1.0058E+00      1.1135E+00      1.0809E-03      8.7121E+01      9.2246E+01      1.0000E+00
      1.0811E-03      1.0197E+00      1.0011E+00      1.0368E+00      1.0720E-03      8.8287E+01      9.2077E+01      1.0000E+00
      1.0981E-03      1.0249E+00      1.0034E+00      1.0445E+00      1.0707E-03      8.5732E+01      9.4610E+01      1.0000E+00
      1.1214E-03      1.0647E+00      1.0083E+00      1.1009E+00      1.0929E-03      8.4941E+01      9.5089E+01      1.0000E+00
      1.0324E-03      1.0566E+00      1.0141E+00      1.0987E+00      9.6588E-04      8.3920E+01      9.9390E+01      1.0000E+00
      3.9645E-03      1.1560E+00      1.0408E+00      1.3330E+00      3.3624E-03      7.6428E+01      1.0241E+02      1.0000E+00
      4.2625E-03      1.1161E+00      1.0371E+00      1.1958E+00      3.8364E-03      7.6387E+01      1.0466E+02      1.0000E+00
      8.1374E-04      1.1035E+00      1.0314E+00      1.2381E+00      6.9629E-04      8.4496E+01      1.0276E+02      1.0000E+00
      1.6820E-03      1.7141E+00      1.6082E+00      2.3042E+00      8.7898E-04      5.0633E+01      1.3626E+02      1.0000E+00
      1.3240E-03      1.4852E+00      1.3661E+00      2.0159E+00      8.2769E-04      5.2337E+01      1.2098E+02      1.0000E+00
      1.3283E-03      1.4863E+00      1.3821E+00      1.9970E+00      8.4433E-04      5.1879E+01      1.2243E+02      1.0000E+00
      8.4161E-04      1.0996E+00      1.0248E+00      1.2440E+00      7.1479E-04      8.3913E+01      1.0099E+02      1.0000E+00
      1.7598E-03      1.6835E+00      1.6118E+00      2.3019E+00      8.8443E-04      5.2336E+01      1.3659E+02      1.0000E+00
      4.6730E-03      1.1959E+00      1.0527E+00      1.2572E+00      4.0888E-03      7.6157E+01      1.0487E+02      1.0000E+00
      4.5956E-03      1.2076E+00      1.0593E+00      1.2683E+00      3.9741E-03      7.5373E+01      1.0617E+02      1.0000E+00
      8.6109E-04      1.0846E+00      1.0261E+00      1.1783E+00      7.3889E-04      8.3786E+01      1.0269E+02      1.0000E+00
      1.4052E-03      1.5646E+00      1.3821E+00      2.0372E+00      8.6963E-04      4.9836E+01      1.2360E+02      1.0000E+00
      1.8465E-03      1.6309E+00      1.5589E+00      2.3329E+00      9.4245E-04      5.4656E+01      1.3372E+02      1.0000E+00
      1.3940E-03      1.5797E+00      1.4212E+00      2.0388E+00      8.7153E-04      4.8665E+01      1.2567E+02      1.0000E+00
      8.5824E-04      1.1035E+00      1.0178E+00      1.1986E+00      7.3025E-04      8.3418E+01      1.0061E+02      1.0000E+00
      1.8458E-03      1.6060E+00      1.5764E+00      2.3449E+00      9.2976E-04      5.5312E+01      1.3372E+02      1.0000E+00
      4.2530E-03      1.0961E+00      1.0233E+00      1.1779E+00      3.7688E-03      8.1456E+01      1.0189E+02      1.0000E+00
      4.3847E-03      1.1595E+00      1.0371E+00      1.2368E+00      3.8399E-03      8.0431E+01      1.0295E+02      1.0000E+00
      4.8043E-03      1.1037E+00      1.0171E+00      1.2025E+00      4.2332E-03      8.1670E+01      9.5402E+01      1.0000E+00
      9.0185E-04      1.0803E+00      1.0309E+00      1.1309E+00      8.1771E-04      8.0870E+01      1.0390E+02      1.0000E+00
      1.7982E-03      1.5921E+00      1.4163E+00      2.1556E+00      1.0262E-03      5.6050E+01      1.2965E+02      1.0000E+00
      1.8307E-03      1.5107E+00      1.3763E+00      2.1650E+00      1.0335E-03      6.0393E+01      1.2645E+02      1.0000E+00
      3.2456E-03      1.0955E+00      1.0293E+00      1.2235E+00      2.7806E-03      8.4512E+01      1.0250E+02      1.0000E+00
      6.6368E-03      1.7150E+00      1.6098E+00      2.3039E+00      3.4504E-03      5.0719E+01      1.3641E+02      1.0000E+00
      5.2010E-03      1.4776E+00      1.3582E+00      1.9803E+00      3.2964E-03      5.2327E+01      1.2109E+02      1.0000E+00
      5.3100E-03      1.4552E+00      1.3398E+00      1.9662E+00      3.3985E-03      5.3784E+01      1.2027E+02      1.0000E+00
      3.4660E-03      1.1452E+00      1.0407E+00      1.3097E+00      2.8430E-03      8.4093E+01      1.0468E+02      1.0000E+00
      6.6588E-03      1.7022E+00      1.5531E+00      2.2409E+00      3.6116E-03      5.1096E+01      1.3505E+02      1.0000E+00
      5.0334E-03      1.0795E+00      1.0133E+00      1.1768E+00      4.9186E-03      8.9006E+01      9.1405E+01      1.0000E+00
      4.9062E-03      1.0848E+00      1.0133E+00      1.1766E+00      4.7922E-03      8.8716E+01      9.1328E+01      1.0000E+00
      5.7236E-03      1.1120E+00      1.0259E+00      1.2433E+00      5.2715E-03      8.2136E+01      9.3691E+01      1.0000E+00
      4.9291E-03      1.2048E+00      1.0555E+00      1.2808E+00      4.3085E-03      7.7567E+01      1.0440E+02      1.0000E+00
      4.8983E-03      1.0652E+00      1.0100E+00      1.1511E+00      4.8000E-03      8.9024E+01      9.1090E+01      1.0000E+00
      4.7530E-03      1.0789E+00      1.0124E+00      1.1703E+00      4.4266E-03      8.5861E+01      9.3684E+01      1.0000E+00
      5.1394E-03      1.2062E+00      1.0527E+00      1.2762E+00      4.5260E-03      7.6925E+01      1.0345E+02      1.0000E+00
      6.3672E-03      1.0787E+00      1.0327E+00      1.2499E+00      5.5100E-03      7.9833E+01      9.7010E+01      1.0000E+00
      2.2361E-03      1.4346E+00      1.2928E+00      2.0389E+00      1.3002E-03      6.5300E+01      1.2296E+02      1.0000E+00
      2.3888E-03      1.4600E+00      1.3475E+00      2.0858E+00      1.4123E-03      6.1311E+01      1.2453E+02      1.0000E+00
      3.6247E-03      1.1717E+00      1.0553E+00      1.3125E+00      2.9675E-03      8.0698E+01      1.0785E+02      1.0000E+00
      6.2464E-03      1.5930E+00      1.4098E+00      2.0280E+00      3.5419E-03      5.6246E+01      1.3166E+02      1.0000E+00
      5.8751E-03      1.3642E+00      1.2639E+00      1.9035E+00      3.7171E-03      6.5490E+01      1.2049E+02      1.0000E+00
      3.0788E-03      1.0407E+00      1.0084E+00      1.1134E+00      2.9784E-03      8.6028E+01      9.4134E+01      1.0000E+00
      2.9638E-03      1.0602E+00      1.0065E+00      1.1196E+00      2.8390E-03      8.6473E+01      9.1389E+01      1.0000E+00
      2.5712E-03      1.0889E+00      1.0090E+00      1.1361E+00      2.3664E-03      8.4118E+01      9.3725E+01      1.0000E+00
      1.7339E-03      1.1880E+00      1.0811E+00      1.3227E+00      1.3509E-03      7.8414E+01      1.1203E+02      1.0000E+00
      2.5401E-03      1.6200E+00      1.3174E+00      1.9509E+00      1.5791E-03      5.6165E+01      1.2834E+02      1.0000E+00
      5.1426E-03      1.0804E+00      1.0528E+00      1.2861E+00      4.5142E-03      7.9225E+01      1.0146E+02      1.0000E+00
      4.8970E-03      1.0977E+00      1.0505E+00      1.3075E+00      4.1292E-03      8.1372E+01      1.0295E+02      1.0000E+00
      2.1462E-03      1.6738E+00      1.3631E+00      2.0913E+00      1.3030E-03      5.4043E+01      1.2921E+02      1.0000E+00
      1.2475E-03      1.1003E+00      1.0520E+00      1.2057E+00      1.0578E-03      8.0297E+01      1.0748E+02      1.0000E+00
      1.3173E-03      1.0924E+00      1.0482E+00      1.2038E+00      1.1185E-03      7.9306E+01      1.0671E+02      1.0000E+00
      2.5661E-03      1.6381E+00      1.3815E+00      2.1871E+00      1.4386E-03      5.6871E+01      1.2918E+02      1.0000E+00
      6.7556E-03      1.1386E+00      1.0452E+00      1.2401E+00      5.6059E-03      8.1360E+01      1.0675E+02      1.0000E+00
      1.0665E-02      1.3082E+00      1.0882E+00      1.4321E+00      8.5300E-03      7.2625E+01      1.0495E+02      1.0000E+00
      1.5102E-02      1.0864E+00      1.0259E+00      1.2202E+00      1.3950E-02      8.1824E+01      9.6216E+01      1.0000E+00
      1.3867E-02      1.0512E+00      1.0187E+00      1.1598E+00      1.2502E-02      8.3764E+01      9.9017E+01      1.0000E+00
      1.5352E-02      1.1436E+00      1.0518E+00      1.3199E+00      1.3203E-02      7.5212E+01      1.0451E+02      1.0000E+00
      1.5857E-02      1.1230E+00      1.0347E+00      1.2503E+00      1.4030E-02      7.6891E+01      1.0259E+02      1.0000E+00
      1.5861E-02      1.1243E+00      1.0348E+00      1.2520E+00      1.4024E-02      7.6853E+01      1.0264E+02      1.0000E+00
      1.5371E-02      1.1443E+00      1.0509E+00      1.3174E+00      1.3231E-02      7.5220E+01      1.0448E+02      1.0000E+00
      1.3895E-02      1.0547E+00      1.0184E+00      1.1612E+00      1.2518E-02      8.3674E+01      9.9098E+01      1.0000E+00
      1.5148E-02      1.0827E+00      1.0244E+00      1.2113E+00      1.3998E-02      8.1828E+01      9.6191E+01      1.0000E+00
      1.0712E-02      1.3025E+00      1.0854E+00      1.4318E+00      8.5684E-03      7.2762E+01      1.0482E+02      1.0000E+00
      6.7873E-03      1.1336E+00      1.0443E+00      1.2287E+00      5.6429E-03      8.1389E+01      1.0665E+02      1.0000E+00
      2.5857E-03      1.6276E+00      1.3802E+00      2.1882E+00      1.4494E-03      5.7181E+01      1.2892E+02      1.0000E+00
      1.3227E-03      1.0964E+00      1.0468E+00      1.2062E+00      1.1218E-03      7.9458E+01      1.0654E+02      1.0000E+00
      1.2498E-03      1.0986E+00      1.0531E+00      1.1996E+00      1.0603E-03      8.0007E+01      1.0774E+02      1.0000E+00
      2.1411E-03      1.6802E+00      1.3636E+00      2.0962E+00      1.2964E-03      5.3995E+01      1.2930E+02      1.0000E+00
      4.8950E-03      1.0983E+00      1.0529E+00      1.3105E+00      4.1226E-03      8.1001E+01      1.0329E+02      1.0000E+00
      5.1403E-03      1.0830E+00      1.0528E+00      1.2912E+00      4.5206E-03      7.9330E+01      1.0117E+02      1.0000E+00
      2.5445E-03      1.6235E+00      1.3224E+00      1.9501E+00      1.5824E-03      5.5872E+01      1.2860E+02      1.0000E+00
      1.7343E-03      1.1948E+00      1.0817E+00      1.3348E+00      1.3493E-03      7.8289E+01      1.1205E+02      1.0000E+00
      2.5786E-03      1.0975E+00      1.0105E+00      1.1522E+00      2.3674E-03      8.3949E+01      9.3867E+01      1.0000E+00
      2.9864E-03      1.0719E+00      1.0088E+00      1.1408E+00      2.8521E-03      8.6243E+01      9.1630E+01      1.0000E+00
      3.1246E-03      1.0565E+00      1.0112E+00      1.1420E+00      3.0195E-03      8.5777E+01      9.3897E+01      1.0000E+00
      2.8309E-03      1.1117E+00      1.0221E+00      1.2193E+00      2.6133E-03      8.6103E+01      9.7561E+01      1.0000E+00
      2.1924E-03      1.1738E+00      1.0497E+00      1.3283E+00      1.8030E-03      8.2439E+01      1.0594E+02      1.0000E+00
      8.6103E-04      1.6582E+00      1.3840E+00      2.0808E+00      4.8120E-04      5.6339E+01      1.3125E+02      1.0000E+00
      5.2186E-04      1.1612E+00      1.0782E+00      1.3167E+00      4.0751E-04      8.0800E+01      1.1127E+02      1.0000E+00
      7.1549E-04      1.0823E+00      1.0082E+00      1.1315E+00      6.6892E-04      8.6028E+01      9.3724E+01      1.0000E+00
      7.8877E-04      1.0709E+00      1.0090E+00      1.1435E+00      7.5908E-04      8.7613E+01      9.1949E+01      1.0000E+00
      8.5888E-04      1.0514E+00      1.0082E+00      1.1285E+00      8.2268E-04      8.6458E+01      9.2387E+01      1.0000E+00
      9.5929E-04      1.0306E+00      1.0058E+00      1.0946E+00      9.2541E-04      8.6701E+01      9.3542E+01      1.0000E+00
      1.0377E-03      1.0244E+00      1.0026E+00      1.0591E+00      1.0120E-03      8.7549E+01      9.3299E+01      1.0000E+00
      1.0557E-03      1.0157E+00      1.0013E+00      1.0263E+00      1.0489E-03      8.7405E+01      9.2451E+01      1.0000E+00
      1.0346E-03      1.0065E+00      1.0009E+00      1.0148E+00      1.0298E-03      8.7700E+01      9.2221E+01      1.0000E+00
      1.0241E-03      1.0106E+00      1.0006E+00      1.0143E+00      1.0165E-03      8.8163E+01      9.1774E+01      1.0000E+00
      1.0319E-03      1.0213E+00      1.0011E+00      1.0357E+00      1.0235E-03      8.8273E+01      9.1837E+01      1.0000E+00
      1.0296E-03      1.0227E+00      1.0015E+00      1.0417E+00      1.0247E-03      8.7827E+01      9.2056E+01      1.0000E+00
      1.0131E-03      1.0232E+00      1.0016E+00      1.0376E+00      1.0053E-03      8.7481E+01      9.2515E+01      1.0000E+00
      1.0021E-03      1.0129E+00      1.0008E+00      1.0219E+00      9.9785E-04      8.7975E+01      9.1951E+01      1.0000E+00
      9.9951E-04      1.0068E+00      1.0005E+00      1.0130E+00      9.9617E-04      8.8281E+01      9.1532E+01      1.0000E+00
      9.9654E-04      1.0049E+00      1.0004E+00      1.0089E+00      9.9305E-04      8.8442E+01      9.1378E+01      1.0000E+00
      9.9206E-04      1.0032E+00      1.0003E+00      1.0053E+00      9.8929E-04      8.8647E+01      9.1231E+01      1.0000E+00
      9.8854E-04      1.0014E+00      1.0002E+00      1.0023E+00      9.8660E-04      8.8843E+01      9.1056E+01      1.0000E+00
      9.8684E-04      1.0014E+00      1.0001E+00      1.0021E+00      9.8567E-04      8.9028E+01      9.0932E+01      1.0000E+00
      9.8714E-04      1.0016E+00      1.0001E+00      1.0024E+00      9.8588E-04      8.9207E+01      9.0835E+01      1.0000E+00
      9.8945E-04      1.0014E+00      1.0001E+00      1.0027E+00      9.8729E-04      8.9390E+01      9.0732E+01      1.0000E+00
      9.9363E-04      1.0023E+00      1.0001E+00      1.0042E+00      9.9053E-04      8.9544E+01      9.0610E+01      1.0000E+00
      9.9869E-04      1.0038E+00      1.0000E+00      1.0075E+00      9.9480E-04      8.9757E+01      9.0456E+01      1.0000E+00
      1.0018E-03      1.0058E+00      1.0001E+00      1.0119E+00      9.9806E-04      8.9813E+01      9.0243E+01      1.0000E+00
      1.0037E-03      1.0127E+00      1.0002E+00      1.0223E+00      9.9901E-04      8.9481E+01      9.0427E+01      1.0000E+00
      1.0127E-03      1.0246E+00      1.0010E+00      1.0411E+00      1.0045E-03      8.8971E+01      9.1021E+01      1.0000E+00
      1.0259E-03      1.0265E+00      1.0012E+00      1.0499E+00      1.0206E-03      8.9309E+01      9.0574E+01      1.0000E+00
      1.0235E-03      1.0276E+00      1.0012E+00      1.0497E+00      1.0154E-03      8.9388E+01      9.0486E+01      1.0000E+00
      1.0091E-03      1.0209E+00      1.0006E+00      1.0354E+00      1.0025E-03      8.9569E+01      9.0443E+01      1.0000E+00
      1.0113E-03      1.0160E+00      1.0005E+00      1.0288E+00      1.0053E-03      8.8991E+01      9.0844E+01      1.0000E+00
      1.0238E-03      1.0141E+00      1.0007E+00      1.0323E+00      1.0153E-03      8.8583E+01      9.1180E+01      1.0000E+00
      9.9960E-04      1.0263E+00      1.0012E+00      1.0447E+00      9.7411E-04      8.8820E+01      9.2177E+01      1.0000E+00
      9.1892E-04      1.0358E+00      1.0016E+00      1.0663E+00      8.8553E-04      8.7823E+01      9.2656E+01      1.0000E+00
      8.1937E-04      1.0286E+00      1.0016E+00      1.0650E+00      7.8808E-04      8.7344E+01      9.1876E+01      1.0000E+00
      7.5153E-04      1.0257E+00      1.0013E+00      1.0530E+00      7.2643E-04      8.8124E+01      9.1949E+01      1.0000E+00
      6.8422E-04      1.0414E+00      1.0030E+00      1.0955E+00      6.4261E-04      8.6774E+01      9.3712E+01      1.0000E+00
      4.9998E-04      1.1228E+00      1.0719E+00      1.2397E+00      3.9175E-04      8.0929E+01      1.1097E+02      1.0000E+00
      8.2636E-04      1.6203E+00      1.3601E+00      2.1015E+00      4.6047E-04      5.8238E+01      1.2956E+02      1.0000E+00
      2.1219E-03      1.1563E+00      1.0473E+00      1.2852E+00      1.7312E-03      8.2014E+01      1.0687E+02      1.0000E+00
      2.7646E-03      1.0995E+00      1.0177E+00      1.1895E+00      2.5374E-03      8.5866E+01      9.7986E+01      1.0000E+00
