  
 ------------------------
 2D Mesh Quality Measures
 ------------------------
  
Signed Area     Aspect Ratio    Condition       Edge Ratio      Jacobian        Minimum Angle   Maximum Angle   Area Sign       
      9.4041E-03      1.3880E+00      1.3676E+00      1.7483E+00      5.5292E-03      6.2114E+01      1.3039E+02      1.0000E+00
      1.0911E-02      1.4593E+00      1.1685E+00      1.9168E+00      7.1730E-03      6.6458E+01      1.1643E+02      1.0000E+00
      9.4029E-03      1.3876E+00      1.3676E+00      1.7487E+00      5.5273E-03      6.2135E+01      1.3038E+02      1.0000E+00
      1.0912E-02      1.4576E+00      1.1682E+00      1.9163E+00      7.1819E-03      6.6486E+01      1.1635E+02      1.0000E+00
      1.6737E-02      1.0047E+00      1.0012E+00      1.0073E+00      1.6619E-02      8.7530E+01      9.2859E+01      1.0000E+00
      2.1652E-02      1.1888E+00      1.1105E+00      1.3217E+00      1.7374E-02      7.0557E+01      1.1480E+02      1.0000E+00
      2.1671E-02      1.1911E+00      1.1102E+00      1.3239E+00      1.7372E-02      7.0558E+01      1.1479E+02      1.0000E+00
      2.3849E-02      1.0455E+00      1.0289E+00      1.0602E+00      2.2220E-02      8.0206E+01      1.0362E+02      1.0000E+00
      2.5071E-02      1.2286E+00      1.1314E+00      1.4233E+00      1.7586E-02      7.4659E+01      1.1740E+02      1.0000E+00
      2.9550E-02      1.1340E+00      1.0787E+00      1.1957E+00      2.5473E-02      6.7988E+01      1.0453E+02      1.0000E+00
      2.4350E-02      1.2366E+00      1.1309E+00      1.5108E+00      1.6585E-02      7.5716E+01      1.1641E+02      1.0000E+00
      2.5249E-02      1.2232E+00      1.1303E+00      1.4220E+00      1.7852E-02      7.4436E+01      1.1716E+02      1.0000E+00
      2.9743E-02      1.1295E+00      1.0760E+00      1.1935E+00      2.5541E-02      6.8330E+01      1.0383E+02      1.0000E+00
      2.5320E-02      1.2226E+00      1.1295E+00      1.4221E+00      1.7891E-02      7.4575E+01      1.1709E+02      1.0000E+00
      2.3947E-02      1.0456E+00      1.0312E+00      1.0576E+00      2.2358E-02      7.9545E+01      1.0412E+02      1.0000E+00
      2.2081E-02      1.1857E+00      1.1244E+00      1.3160E+00      1.8171E-02      6.7952E+01      1.1564E+02      1.0000E+00
      2.1863E-02      1.1896E+00      1.1114E+00      1.3114E+00      1.7618E-02      7.0286E+01      1.1504E+02      1.0000E+00
      1.7207E-02      1.0188E+00      1.0033E+00      1.0291E+00      1.7023E-02      8.5500E+01      9.4130E+01      1.0000E+00
      1.1429E-02      1.4926E+00      1.1726E+00      1.7815E+00      7.7264E-03      6.9638E+01      1.1311E+02      1.0000E+00
      1.0204E-02      1.3844E+00      1.3425E+00      1.5870E+00      6.4398E-03      6.0611E+01      1.3076E+02      1.0000E+00
      1.1018E-02      1.4564E+00      1.1656E+00      1.9187E+00      7.2321E-03      6.6861E+01      1.1612E+02      1.0000E+00
      9.6012E-03      1.3816E+00      1.3719E+00      1.7528E+00      5.7099E-03      6.1674E+01      1.3015E+02      1.0000E+00
      7.4030E-03      1.1761E+00      1.0601E+00      1.3583E+00      5.4279E-03      7.8249E+01      1.0915E+02      1.0000E+00
      8.1061E-03      1.1432E+00      1.0938E+00      1.3195E+00      6.5135E-03      7.3933E+01      1.1192E+02      1.0000E+00
      1.2952E-02      1.5928E+00      1.3498E+00      1.8800E+00      7.1048E-03      6.0375E+01      1.3164E+02      1.0000E+00
      2.3158E-02      1.1483E+00      1.1234E+00      1.2779E+00      1.7553E-02      7.6056E+01      1.1669E+02      1.0000E+00
      2.9191E-02      1.3366E+00      1.2346E+00      1.5164E+00      1.7478E-02      7.1731E+01      1.2591E+02      1.0000E+00
      2.8551E-02      1.3550E+00      1.2541E+00      1.5341E+00      1.7003E-02      6.9906E+01      1.2710E+02      1.0000E+00
      2.0761E-02      1.2207E+00      1.1284E+00      1.3699E+00      1.6255E-02      7.3938E+01      1.1649E+02      1.0000E+00
      1.0156E-02      1.8639E+00      1.6340E+00      2.8178E+00      6.0126E-03      5.8911E+01      1.1638E+02      1.0000E+00
      1.0908E-02      1.6023E+00      1.5470E+00      1.7893E+00      6.3271E-03      5.1205E+01      1.3832E+02      1.0000E+00
      8.9546E-03      1.2911E+00      1.0962E+00      1.5062E+00      6.3111E-03      7.4548E+01      1.1007E+02      1.0000E+00
      1.0468E-02      1.2106E+00      1.1771E+00      1.5192E+00      7.0508E-03      7.3482E+01      1.1917E+02      1.0000E+00
      1.0121E-02      1.2355E+00      1.2042E+00      1.5496E+00      6.7784E-03      7.0594E+01      1.2098E+02      1.0000E+00
      7.4650E-03      1.1748E+00      1.0585E+00      1.3589E+00      5.4842E-03      7.8141E+01      1.0887E+02      1.0000E+00
      8.1431E-03      1.1418E+00      1.0950E+00      1.3176E+00      6.5364E-03      7.3924E+01      1.1208E+02      1.0000E+00
      1.3006E-02      1.5962E+00      1.3532E+00      1.8825E+00      7.1268E-03      6.0181E+01      1.3180E+02      1.0000E+00
      2.3283E-02      1.1494E+00      1.1233E+00      1.2810E+00      1.7641E-02      7.6114E+01      1.1666E+02      1.0000E+00
      2.9632E-02      1.3374E+00      1.2402E+00      1.5227E+00      1.7693E-02      7.1345E+01      1.2625E+02      1.0000E+00
      2.9600E-02      1.3383E+00      1.2410E+00      1.5243E+00      1.7654E-02      7.1314E+01      1.2630E+02      1.0000E+00
      2.3219E-02      1.1476E+00      1.1221E+00      1.2787E+00      1.7624E-02      7.6108E+01      1.1654E+02      1.0000E+00
      1.2955E-02      1.5946E+00      1.3523E+00      1.8823E+00      7.0991E-03      6.0256E+01      1.3175E+02      1.0000E+00
      8.0984E-03      1.1429E+00      1.0937E+00      1.3194E+00      6.5081E-03      7.3951E+01      1.1190E+02      1.0000E+00
      7.3971E-03      1.1759E+00      1.0602E+00      1.3583E+00      5.4233E-03      7.8262E+01      1.0917E+02      1.0000E+00
      9.8360E-03      1.2333E+00      1.1920E+00      1.5361E+00      6.6014E-03      7.1440E+01      1.2046E+02      1.0000E+00
      9.8388E-03      1.2331E+00      1.1920E+00      1.5358E+00      6.6026E-03      7.1453E+01      1.2046E+02      1.0000E+00
